7398.6021
6561.3706
5604.6533
6168.5103
5081.1035
6254.6123
5597.5498
5697.6938
5802.0376
5701.2227
5833.0586
5602.5303
5017.2773
5347.3203
4859.0254
5417.1445
4827.4019
5507.6533
4719.5835
5457.6445
4963.1172
5262.3760
4844.6011
4566.6270
4910.9897
4523.4629
4991.6367
4478.8188
4980.4624
4449.8608
5055.2266
4383.0898
4123.4219
5136.2212
3765.1482
4993.7266
4172.8789
4631.4814
4403.5918
4503.0034
4397.1484
4485.4951
4273.1611
4309.2803
4193.7793
4305.3818
4233.0981
4317.7583
4194.7725
4292.1255
4225.6182
5140.8281
5136.2212
5136.2212
5140.8281
5136.2212
5136.2212
5140.8281
