8.2039,2.0645,4.2047
5.2655,1.1373,3.6631
5.2656,1.1372,5.9574
6.4706,1.5085,6.2918
4.4964,0.9033,5.6505
7.1268,1.7158,6.2457
3.9492,0.7326,5.2454
11.3935,3.1635,6.1167
4.8825,0.7129,4.4523
5.9128,1.3355,5.2538
6.2113,1.4279,6.2234
4.1482,0.7960,5.6513
4.1483,0.7959,7.0477
8.5927,2.1937,6.0299
3.7224,0.6556,4.5272
6.3146,1.4600,6.0104
6.1646,1.4132,6.3256
4.3315,0.8527,5.6951
7.0831,1.7019,6.1973
4.9345,1.0367,5.7453
5.3295,1.1568,6.1933
6.3200,1.4617,6.2775
6.3202,1.4617,6.4546
4.7904,0.9930,5.7728
5.9944,1.3608,6.2319
5.6005,1.2398,6.1035
5.1538,1.1035,6.0244
6.0604,1.3813,6.2211
5.1775,1.1108,5.9586
5.6951,1.2688,6.1704
5.6113,1.2431,6.1158
5.3352,1.1588,6.0581
5.3353,1.1589,6.1083
5.8619,1.3201,6.1854
5.2438,1.1310,6.0028
5.7820,1.2956,6.1755
5.3847,1.1740,6.0495
5.6037,1.2409,6.1351
5.5811,1.2340,6.1125
5.4326,1.1886,6.0813
5.7197,1.2765,6.1524
5.2908,1.1455,6.0327
5.2908,1.1455,6.1106
5.9367,1.3433,6.1979
5.0844,1.0828,5.9480
6.1593,1.4122,6.2320
4.8422,1.0092,5.8386
6.5525,1.5349,6.2648
4.3988,0.8741,5.6010
7.3659,1.7929,6.2226
4.0064,0.7516,5.1752
7.8207,1.9400,6.0002
7.8208,1.9401,8.1239
3.6719,0.6376,4.6890
7.3141,1.7766,5.6042
5.1846,1.1137,5.8579
4.9203,1.0334,6.0998
6.7214,1.5885,6.2900
4.7181,0.9720,5.6775
5.8787,1.3260,6.2336
5.8070,1.3040,6.1680
4.9879,1.0540,5.9427
4.9879,1.0540,6.1993
6.1817,1.4198,6.2307
5.2291,1.1274,5.9582
5.5062,1.2119,6.1358
5.8337,1.3123,6.1713
5.1805,1.1126,5.9846
5.8185,1.3077,6.1802
5.4307,1.1889,6.0536
5.4854,1.2056,6.1044
5.7038,1.2725,6.1422
5.7038,1.2725,6.1340
5.3244,1.1566,6.0355
5.7195,1.2774,6.1542
5.4323,1.1895,6.0616
5.5374,1.2216,6.1125
5.6192,1.2467,6.1197
5.3928,1.1775,6.0622
5.7043,1.2728,6.1456
5.3821,1.1743,6.0495
5.6600,1.2593,6.1376
5.6600,1.2593,6.1215
5.4263,1.1879,6.0627
5.6163,1.2460,6.1255
5.4857,1.2061,6.0817
5.5658,1.2306,6.1100
5.5173,1.2158,6.0927
5.5385,1.2223,6.1011
5.5276,1.2190,6.0967
5.5329,1.2206,6.0984
5.5339,1.2210,6.0978
5.5339,1.2210,6.0976
5.5189,1.2164,6.0943
5.5481,1.2254,6.1013
5.5020,1.2113,6.0887
5.5801,1.2352,6.1085
5.4524,1.1963,6.0742
5.6521,1.2574,6.1260
5.3431,1.1630,6.0413
5.8314,1.3125,6.1652
5.0837,1.0841,5.9537
5.0837,1.0841,6.1442
6.4420,1.5018,6.2609
4.2950,0.8436,5.5904
7.9930,1.9975,6.1874
3.6120,0.6146,4.6792
7.6247,1.8781,5.3674
5.0585,1.0765,5.7584
4.9520,1.0440,6.1295
6.8964,1.6449,6.3154
4.4815,0.9009,5.5242
4.4814,0.9008,6.5643
6.4070,1.4909,6.2380
5.5753,1.2340,6.0851
4.9312,1.0378,5.9761
6.3095,1.4606,6.2353
5.1587,1.1069,5.9122
5.4799,1.2049,6.1353
5.8805,1.3278,6.1750
5.1602,1.1075,5.9638
5.7810,1.2972,6.1682
5.7810,1.2972,6.1503
5.4461,1.1946,6.0503
5.4311,1.1901,6.0843
5.7340,1.2828,6.1431
5.3373,1.1615,6.0283
5.6382,1.2535,6.1310
5.5281,1.2198,6.0838
5.4432,1.1939,6.0749
5.6501,1.2572,6.1238
5.4107,1.1840,6.0538
5.4106,1.1840,6.0850
5.6390,1.2539,6.1240
5.4713,1.2026,6.0681
5.5403,1.2238,6.0979
5.5629,1.2307,6.0964
5.4493,1.1960,6.0694
5.6200,1.2483,6.1143
5.4270,1.1893,6.0577
5.6123,1.2460,6.1136
5.4600,1.1994,6.0651
5.4600,1.1994,6.0818
5.5612,1.2304,6.1007
5.5204,1.2179,6.0822
5.5037,1.2129,6.0817
5.5787,1.2359,6.0982
5.4353,1.1921,6.0603
5.6684,1.2634,6.1201
5.3233,1.1580,6.0239
5.7916,1.3014,6.1481
5.1803,1.1146,5.9722
5.1803,1.1145,6.1012
6.0650,1.3857,6.1960
4.8472,1.0134,5.8354
6.5571,1.5391,6.2429
4.4034,0.8781,5.5750
7.1042,1.7120,6.2008
4.3863,0.8728,5.4253
6.4863,1.5167,6.2131
5.3181,1.1565,5.9587
5.1692,1.1112,6.0558
5.1692,1.1111,6.1112
6.2883,1.4550,6.2339
4.8040,1.0002,5.7737
6.1348,1.4074,6.2063
5.3015,1.1515,5.9693
5.4054,1.1832,6.0868
5.8728,1.3265,6.1598
5.1145,1.0948,5.9387
5.9289,1.3439,6.1737
5.2373,1.1322,5.9650
5.2373,1.1322,6.0825
5.7286,1.2824,6.1401
5.4513,1.1975,6.0428
5.4712,1.2037,6.0727
5.6515,1.2589,6.1063
5.3299,1.1607,6.0185
5.7334,1.2841,6.1285
5.2857,1.1473,5.9966
5.7629,1.2933,6.1342
5.2905,1.1489,5.9924
5.2905,1.1489,6.0685
5.7888,1.3014,6.1377
5.2019,1.1221,5.9654
5.9049,1.3373,6.1571
5.0507,1.0762,5.9069
6.1577,1.4156,6.1930
4.7475,0.9842,5.7719
6.6678,1.5751,6.2273
4.3337,0.8579,5.5030
7.0638,1.7001,6.1712
7.0638,1.7001,7.1406
4.4498,0.8932,5.4149
6.0821,1.3917,6.2242
5.7684,1.2950,6.1375
4.8331,1.0100,5.8832
6.3080,1.4620,6.2076
5.1369,1.1023,5.8834
5.4698,1.2038,6.1093
5.8773,1.3288,6.1509
5.0880,1.0877,5.9191
5.0880,1.0876,6.1076
5.9286,1.3448,6.1643
5.3190,1.1581,5.9780
5.4722,1.2049,6.0770
5.6958,1.2734,6.1047
5.2687,1.1430,5.9865
5.7310,1.2844,6.1195
5.3341,1.1631,5.9967
5.6126,1.2483,6.0923
5.4783,1.2073,6.0408
5.4783,1.2072,6.0524
5.4700,1.2048,6.0506
5.5735,1.2366,6.0704
5.3961,1.1825,6.0217
5.6285,1.2537,6.0834
5.3355,1.1643,5.9991
5.7448,1.2898,6.1048
5.1434,1.1061,5.9351
6.1633,1.4202,6.1694
4.4990,0.9103,5.6758
4.4989,0.9103,6.4726
7.7259,1.9150,6.2139
3.7394,0.6687,4.8361
6.9826,1.6745,5.8325
5.7590,1.2927,6.1880
4.4469,0.8931,5.8007
6.7286,1.5943,6.1879
5.3123,1.1562,5.9362
4.9666,1.0512,6.0109
6.2086,1.4317,6.1914
6.2087,1.4317,6.3448
5.1837,1.1172,5.8937
5.3456,1.1666,6.0774
5.9146,1.3409,6.1491
5.2162,1.1273,5.9400
5.5353,1.2246,6.0917
5.6782,1.2685,6.0915
5.2906,1.1502,5.9861
5.6131,1.2487,6.0919
5.5241,1.2215,6.0474
5.5241,1.2216,6.0527
5.3807,1.1779,6.0224
5.6297,1.2541,6.0837
5.4108,1.1873,6.0150
5.5138,1.2188,6.0568
5.5362,1.2258,6.0512
5.4292,1.1932,6.0245
5.5762,1.2382,6.0630
5.4205,1.1908,6.0159
5.5395,1.2273,6.0536
5.5395,1.2272,6.0437
5.4630,1.2040,6.0250
5.4991,1.2152,6.0384
5.4953,1.2141,6.0327
5.4717,1.2071,6.0262
5.5065,1.2179,6.0335
5.4733,1.2079,6.0214
5.4927,1.2140,6.0262
5.4841,1.2116,6.0205
5.4860,1.2123,6.0192
5.4860,1.2123,6.0183
5.4984,1.2163,6.0189
5.4408,1.1990,6.0031
5.5348,1.2279,6.0246
5.3719,1.1784,5.9792
5.6659,1.2686,6.0491
5.0947,1.0944,5.8958
6.3455,1.4799,6.1647
4.0298,0.7687,5.4602
8.6376,2.2134,6.0018
8.6378,2.2136,9.4313
3.9967,0.7547,4.6837
5.3174,1.1589,6.4398
6.7567,1.6042,6.3235
4.9499,1.0472,5.7348
5.1825,1.1179,6.1150
6.0645,1.3882,6.1653
5.3658,1.1738,5.9676
5.2550,1.1401,6.0190
5.7286,1.2848,6.1068
5.7285,1.2848,6.0940
5.4626,1.2035,6.0145
5.3717,1.1758,6.0204
5.6057,1.2474,6.0737
5.4816,1.2095,6.0277
5.4296,1.1937,6.0268
5.5499,1.2305,6.0552
5.4822,1.2099,6.0295
5.4549,1.2017,6.0288
5.5357,1.2265,6.0468
5.5357,1.2264,6.0400
5.4589,1.2030,6.0218
5.4810,1.2098,6.0330
5.5036,1.2168,6.0345
5.4672,1.2058,6.0234
5.4894,1.2127,6.0301
5.4797,1.2098,6.0248
5.4921,1.2137,6.0268
5.4800,1.2101,6.0217
5.4810,1.2106,6.0215
5.4810,1.2105,6.0211
5.4915,1.2139,6.0220
5.4577,1.2037,6.0122
5.5020,1.2173,6.0226
5.4610,1.2049,6.0084
5.4665,1.2067,6.0116
5.5245,1.2246,6.0212
5.4053,1.1884,5.9887
5.5279,1.2260,6.0229
5.4408,1.1995,5.9923
5.4408,1.1995,6.0001
5.4835,1.2127,6.0071
5.4740,1.2100,5.9990
5.4508,1.2031,5.9925
5.4978,1.2176,6.0018
5.4163,1.1930,5.9781
5.5174,1.2240,6.0035
5.3913,1.1857,5.9656
5.5486,1.2340,6.0058
5.3313,1.1679,5.9435
5.3313,1.1679,5.9718
5.6751,1.2733,6.0284
5.0948,1.0964,5.8676
6.0581,1.3919,6.0930
4.5268,0.9242,5.6440
7.2395,1.7641,6.1540
3.7811,0.6912,4.9864
7.1434,1.7330,5.8236
3.5296,0.5910,5.0346
8.9954,2.3410,4.7238
8.9957,2.3412,9.9840
4.3024,0.8547,4.9707
5.5970,1.2492,6.1824
5.4134,1.1927,5.9683
5.3024,1.1591,5.9584
5.7809,1.3057,6.0536
4.9321,1.0469,5.8151
6.3599,1.4857,6.1317
4.4999,0.9158,5.5576
5.8071,1.3139,6.1250
5.8070,1.3138,6.0686
5.7203,1.2873,6.0419
5.0096,1.0707,5.8339
5.6064,1.2527,6.0389
5.6087,1.2536,5.9973
5.2254,1.1368,5.8963
5.5157,1.2255,5.9951
5.5300,1.2301,5.9730
5.3071,1.1623,5.9170
5.4988,1.2210,5.9753
5.4988,1.2209,5.9600
5.4499,1.2062,5.9458
5.3640,1.1803,5.9288
5.4889,1.2187,5.9586
5.3952,1.1903,5.9248
5.4340,1.2025,5.9372
5.4250,1.2000,5.9280
5.3928,1.1905,5.9176
5.4460,1.2072,5.9265
5.3937,1.1916,5.9060
5.3937,1.1916,5.9094
5.4282,1.2025,5.9121
5.3979,1.1937,5.8968
5.4044,1.1962,5.8942
5.4085,1.1980,5.8874
5.3595,1.1836,5.8691
5.4359,1.2077,5.8801
5.2849,1.1622,5.8330
5.5023,1.2296,5.8781
5.1057,1.1093,5.7662
5.1057,1.1093,5.8361
6.0480,1.3994,5.9642
4.1218,0.8095,5.4166
8.2555,2.1015,5.9901
3.4640,0.5843,4.2746
6.1762,1.4361,5.6603
6.2179,1.4487,6.1770
4.1674,0.8216,5.3763
6.4292,1.5150,5.9845
5.2927,1.1642,5.8013
5.2927,1.1642,5.8528
4.8681,1.0354,5.8052
6.0734,1.4047,5.9849
4.9984,1.0756,5.6814
5.3440,1.1812,5.8883
5.6810,1.2848,5.9121
5.0197,1.0833,5.7198
5.6187,1.2667,5.8973
5.2790,1.1632,5.7844
5.2982,1.1696,5.8114
5.2982,1.1696,5.8093
5.5245,1.2394,5.8469
5.1306,1.1197,5.7343
5.6026,1.2647,5.8520
5.0520,1.0971,5.6904
5.6819,1.2905,5.8500
4.9025,1.0530,5.6248
5.9475,1.3742,5.8712
4.4815,0.9265,5.4437
6.8197,1.6487,5.9183
6.8198,1.6488,6.8193
3.5961,0.6495,4.7979
8.0079,2.0285,5.4161
3.8899,0.7443,4.6681
5.5689,1.2564,6.0477
6.1616,1.4400,6.0055
4.2447,0.8539,5.3132
6.2739,1.4759,5.8603
4.9570,1.0711,5.5645
5.0712,1.1063,5.7531
5.0712,1.1062,5.7400
5.9054,1.3628,5.8527
4.6687,0.9853,5.4789
5.8281,1.3404,5.8122
4.9729,1.0790,5.5717
5.3755,1.2027,5.7309
5.3692,1.2016,5.6949
5.0306,1.0992,5.6065
5.6469,1.2891,5.7340
4.7292,1.0096,5.4705
4.7292,1.0095,5.7114
6.1498,1.4463,5.7839
4.0378,0.8004,5.1458
7.4105,1.8434,5.7654
3.4709,0.6174,4.4914
7.4122,1.8441,5.3141
4.2704,0.8711,4.9925
5.1530,1.1393,5.7951
5.9547,1.3863,5.7848
4.2475,0.8652,5.2439
4.2475,0.8652,6.0342
6.6144,1.5930,5.7265
4.1824,0.8465,5.0570
5.9828,1.3976,5.6990
4.8282,1.0440,5.4087
5.2375,1.1697,5.6056
5.4308,1.2302,5.6027
4.7413,1.0210,5.4109
5.8940,1.3755,5.6524
4.1830,0.8536,5.1461
4.1830,0.8536,5.9286
6.9950,1.7205,5.6731
3.4770,0.6319,4.5503
7.8149,1.9832,5.2816
3.6200,0.6788,4.3706
6.1205,1.4452,5.6758
5.1917,1.1609,5.5009
4.4353,0.9316,5.3603
6.2835,1.4984,5.6545
4.0265,0.8089,4.9623
4.0265,0.8089,6.0410
6.6034,1.6024,5.5300
3.2759,0.5523,4.6964
11.0975,3.1103,4.0412
3.3450,0.5384,2.6726
3.7100,0.7071,6.7037
8.0161,2.0432,5.3488
4.8934,1.0679,5.4723
4.0129,0.8003,5.4964
6.2483,1.4818,5.6743
6.2485,1.4819,6.1480
4.9494,1.0861,5.4016
4.6342,0.9912,5.4570
5.7270,1.3252,5.6076
4.8015,1.0439,5.3359
5.1087,1.1387,5.4853
5.2706,1.1894,5.4750
4.8849,1.0731,5.3619
5.2795,1.1949,5.4533
4.8887,1.0771,5.3290
4.8887,1.0771,5.3754
5.2323,1.1834,5.4117
4.8361,1.0642,5.2864
5.2590,1.1947,5.3828
4.6956,1.0247,5.2141
5.4001,1.2410,5.3772
4.3887,0.9348,5.0850
5.8978,1.3966,5.4204
3.7909,0.7551,4.7884
7.4462,1.8917,5.3405
7.4463,1.8918,7.7085
3.1681,0.5234,3.7922
7.5988,1.9314,4.4678
3.8186,0.7639,4.4133
5.2915,1.2126,5.3966
5.1591,1.1739,5.2558
4.2941,0.9121,5.0366
5.9245,1.4107,5.3537
3.7296,0.7425,4.6903
6.8846,1.7122,5.3022
6.8845,1.7123,6.8482
3.1978,0.5692,4.0665
7.7252,1.9785,4.8952
3.4142,0.6449,4.0472
6.1375,1.4792,5.2723
4.4447,0.9646,4.8943
4.8205,1.0803,5.1258
4.9570,1.1236,5.0931
4.5251,0.9947,4.9672
5.1893,1.1988,5.1010
5.1892,1.1987,5.1380
4.0945,0.8679,4.7860
5.9873,1.4469,5.1795
3.3210,0.6309,4.3730
7.8661,2.0455,4.9573
3.6519,0.5738,4.1346
9.1402,2.4546,3.8132
3.0642,0.5063,3.1182
6.4807,1.6001,4.6314
4.4559,0.9807,4.7674
4.4559,0.9806,4.9420
4.4162,0.9699,4.9531
5.3973,1.2691,5.0751
3.7770,0.7787,4.5959
6.3514,1.5674,5.0811
3.1874,0.5950,4.1147
7.6728,1.9852,4.8375
2.9904,0.5195,3.5601
7.5676,1.9525,4.4824
3.2100,0.5180,3.8670
3.2100,0.5180,8.0219
8.2907,2.1823,3.9093
3.7368,0.7722,4.1221
4.4379,0.9863,5.0002
5.6140,1.3428,5.0717
3.4723,0.6943,4.3629
6.5178,1.6268,4.9361
3.1859,0.6060,3.9713
6.8784,1.7428,4.7954
3.1462,0.5959,3.8253
3.1462,0.5959,6.1904
7.0859,1.8088,4.7239
3.1537,0.6014,3.7703
6.3986,1.5965,4.7785
3.3885,0.6805,4.0292
5.8940,1.4433,4.8120
3.4766,0.7124,4.1387
5.8648,1.4390,4.7808
3.2517,0.6462,4.0278
6.5773,1.6645,4.7233
6.5775,1.6648,6.4589
2.8394,0.5020,3.5160
7.8278,2.0451,4.5322
3.0234,0.5785,3.4766
6.2661,1.5714,4.6185
3.1751,0.6324,3.8179
6.1553,1.5406,4.6308
2.9956,0.5777,3.7427
6.7678,1.7314,4.6279
2.8061,0.5123,3.5027
2.8061,0.5123,6.5298
7.5539,1.9660,4.5927
2.9955,0.5860,3.4684
6.1236,1.5396,4.5300
2.9846,0.5869,3.6600
6.4169,1.6326,4.5407
2.7735,0.5167,3.4928
7.0510,1.8252,4.5487
2.7830,0.5263,3.3484
6.7917,1.7513,4.5194
6.7918,1.7513,6.6391
2.6856,0.4923,3.1905
6.9849,1.8082,4.5093
2.8432,0.5585,3.3579
6.2189,1.5839,4.4420
2.7084,0.5152,3.4121
6.7412,1.7429,4.4661
2.6500,0.4985,3.2615
6.8105,1.7660,4.4396
2.6698,0.5134,3.2238
2.6697,0.5134,5.6332
6.7613,1.7544,4.4002
2.6333,0.5059,3.1950
6.5304,1.6904,4.3714
2.5809,0.4921,3.1837
6.5989,1.7137,4.3453
2.5195,0.4728,3.1318
6.7622,1.7649,4.3222
2.5031,0.4740,3.0615
6.6219,1.7276,4.2829
6.6220,1.7277,6.4054
2.4382,0.4365,2.9118
7.2282,1.9074,4.2724
2.4942,0.4849,2.9321
6.2309,1.6192,4.2110
2.4433,0.4715,3.0448
6.3875,1.6691,4.1926
2.3685,0.4434,2.9819
6.7237,1.7720,4.1763
2.3424,0.4402,2.8736
2.3424,0.4401,5.7976
6.9541,1.8440,4.1565
2.3224,0.4409,2.7938
6.4812,1.7095,4.0930
2.2943,0.4368,2.8274
6.4594,1.7075,4.0572
2.2558,0.4237,2.7983
6.6279,1.7619,4.0314
2.2288,0.4132,2.7395
6.7144,1.7924,3.9963
6.7145,1.7925,6.5613
2.2951,0.4040,2.5956
7.2171,1.9448,3.9322
2.1805,0.4147,2.5391
6.3390,1.6888,3.9261
2.1540,0.4114,2.6541
6.2928,1.6800,3.8860
2.2138,0.3967,2.7757
6.7717,1.8329,3.7739
2.1395,0.3895,2.5420
2.1395,0.3895,6.0803
7.3366,2.0086,3.7880
2.1629,0.3871,2.4395
7.0037,1.9120,3.6950
2.0718,0.3835,2.3772
6.6844,1.8202,3.7079
2.0538,0.3792,2.4128
6.4942,1.7678,3.6637
2.0210,0.3762,2.4026
6.4074,1.7472,3.6196
6.4075,1.7473,6.3394
2.2462,0.3910,2.4085
6.6549,1.8261,3.5720
1.9759,0.3692,2.2806
6.2529,1.7092,3.5666
1.9419,0.3668,2.3196
6.1236,1.6764,3.5216
1.9570,0.3613,2.3469
6.3816,1.7600,3.4699
1.9633,0.3589,2.2776
1.9633,0.3589,5.6297
6.9154,1.9291,3.4775
2.0054,0.3603,2.2095
6.3301,1.7543,3.3830
1.9321,0.3528,2.2142
6.1910,1.7171,3.3605
1.9376,0.3514,2.2356
6.1617,1.7132,3.3238
1.9513,0.3512,2.2345
6.1003,1.6988,3.2910
6.1004,1.6989,6.1962
2.3350,0.3997,2.3860
5.9431,1.6530,3.3280
1.8389,0.3393,2.1171
5.7914,1.6102,3.2709
1.7815,0.3343,2.1080
5.6593,1.5743,3.2353
1.7692,0.3309,2.1020
5.5622,1.5492,3.1889
1.7868,0.3294,2.1181
1.7869,0.3294,4.9975
5.9914,1.6876,3.1710
1.9240,0.3417,2.1529
5.5951,1.5684,3.0904
1.8621,0.3334,2.1217
5.5129,1.5465,3.0687
1.8380,0.3296,2.1038
5.4641,1.5348,3.0495
1.8473,0.3295,2.1075
5.3634,1.5069,3.0249
5.3634,1.5070,5.5657
2.2569,0.3849,2.3120
5.1762,1.4509,3.0645
1.7488,0.3168,2.0334
5.1424,1.4435,3.0063
1.6866,0.3096,1.9979
5.0770,1.4269,2.9799
1.7913,0.3188,2.0898
5.0955,1.4357,2.9402
1.8321,0.3228,2.0943
1.8322,0.3228,4.5645
5.3963,1.5325,2.9066
1.9059,0.3317,2.1001
5.0113,1.4148,2.9187
1.8246,0.3200,2.0655
4.8836,1.3774,2.8890
1.7874,0.3144,2.0528
4.8177,1.3593,2.8671
1.7900,0.3139,2.0573
4.7665,1.3456,2.8492
4.7665,1.3458,5.0556
2.2893,0.3856,2.3645
4.6694,1.3165,2.9181
1.7546,0.3079,2.0169
4.5738,1.2889,2.8316
1.7072,0.3012,2.0121
4.5747,1.2915,2.8083
1.7424,0.3046,2.0259
4.5819,1.2958,2.7937
1.8097,0.3127,2.0653
1.8098,0.3127,4.1282
4.7498,1.3499,2.7515
1.7896,0.3092,2.0092
4.4957,1.2726,2.7626
1.8074,0.3109,2.0482
4.4851,1.2707,2.7625
1.8252,0.3128,2.0563
4.4318,1.2554,2.7548
1.8278,0.3125,2.0599
4.3941,1.2449,2.7479
4.3942,1.2451,4.7689
2.3311,0.3881,2.4071
4.2133,1.1893,2.7934
1.9393,0.3277,2.1832
4.1913,1.1836,2.7374
1.7395,0.3495,2.1957
2.5794,0.7132,2.2904
1.3393,0.3473,1.9347
1.6459,0.4525,2.2031
1.5712,0.4341,2.1203
1.5711,0.4340,2.1518
1.3776,0.3784,2.0472
1.4481,0.4053,2.0375
1.2828,0.3598,1.9487
1.3687,0.3911,1.9519
1.1626,0.3310,1.8870
1.1746,0.3402,1.8709
1.0731,0.3128,1.8239
1.0760,0.3189,1.8047
0.9631,0.2858,1.7295
0.9630,0.2856,1.7716
1.0303,0.3122,1.7452
0.8775,0.2630,1.6257
0.9074,0.2783,1.6482
0.8529,0.2622,1.5906
0.8536,0.2660,1.5706
0.7597,0.2311,1.5002
0.8866,0.2824,1.5160
0.7000,0.2043,1.3542
0.8340,0.2694,1.4004
0.8340,0.2693,1.4482
0.6758,0.1858,1.2433
0.9359,0.3028,1.3483
0.6602,0.1987,1.1182
0.6979,0.2262,1.2434
0.6416,0.1835,1.2328
0.8006,0.2663,1.2408
0.7358,0.1541,1.0571
1.0710,0.3437,1.1190
0.6285,0.1974,0.8907
0.6284,0.1974,1.0649
0.6433,0.2099,1.1378
0.6345,0.1647,1.1143
0.8238,0.2765,1.1407
0.7620,0.1485,0.8686
0.9843,0.3219,0.9942
0.6029,0.1825,0.8060
0.6119,0.1977,0.9920
0.6258,0.1606,1.0068
0.7081,0.2421,1.0502
0.7081,0.2421,1.1399
0.8038,0.1464,0.7933
0.8827,0.2952,0.8971
0.5969,0.1898,0.8333
0.7351,0.1457,0.9114
0.7073,0.2429,0.8835
0.6485,0.1523,0.8263
0.6005,0.1964,0.9403
0.6150,0.1589,0.9389
0.6301,0.2144,0.9837
0.6301,0.2144,1.0197
0.8594,0.1469,0.8430
0.8575,0.2887,0.8146
0.5886,0.1744,0.7508
0.6013,0.1629,0.8659
0.5873,0.1863,0.9431
0.6338,0.1529,0.9189
0.5841,0.1786,0.9492
0.5891,0.1692,0.9277
0.5865,0.1717,0.9314
0.5865,0.1717,0.9278
0.5884,0.1696,0.9231
0.5867,0.1714,0.9237
0.5857,0.1727,0.9202
0.6016,0.1617,0.9060
0.5883,0.1699,0.9234
0.5882,0.1701,0.9151
0.6817,0.1462,0.9324
0.6812,0.2362,0.9204
1.0308,0.1609,0.8114
1.0308,0.1609,1.5091
0.8842,0.2971,0.5998
0.6226,0.1549,0.6002
0.6058,0.1598,0.8229
0.6007,0.1620,0.8945
0.5877,0.1705,0.9073
0.6286,0.1539,0.9017
0.5847,0.1764,0.9119
0.6836,0.1461,0.8969
0.5950,0.1959,0.8841
0.5950,0.1960,0.9236
0.8667,0.1459,0.7877
0.8394,0.2851,0.8006
0.7820,0.1429,0.5563
0.6068,0.2040,0.7314
0.6746,0.1469,0.7485
0.5856,0.1850,0.8531
0.6450,0.1509,0.8345
0.5848,0.1783,0.8884
0.6273,0.1546,0.8596
0.6273,0.1546,0.9153
0.5891,0.1711,0.9073
0.6435,0.1516,0.8912
0.5860,0.1827,0.9026
0.7269,0.1438,0.8571
0.6476,0.2230,0.8628
0.7331,0.1432,0.7138
0.5912,0.1920,0.8186
0.6838,0.1460,0.8014
0.5856,0.1820,0.8619
0.5857,0.1821,0.8869
0.7980,0.1431,0.8263
0.6730,0.2325,0.7915
0.7036,0.1448,0.6755
0.5898,0.1896,0.8299
0.7479,0.1430,0.8059
0.7407,0.2554,0.8803
0.9284,0.1501,0.6191
0.6926,0.2394,0.6640
0.6373,0.1513,0.6514
0.6373,0.1513,0.8572
0.5847,0.1806,0.8760
0.5913,0.1684,0.8640
0.6104,0.1593,0.8664
0.6201,0.1566,0.8911
0.6015,0.1634,0.9013
0.6164,0.1580,0.8936
0.5894,0.1729,0.9030
0.7091,0.1446,0.8707
0.5933,0.1922,0.8658
0.5933,0.1923,0.9138
0.9460,0.1515,0.7772
0.8154,0.2765,0.7267
0.7666,0.1426,0.5489
0.6151,0.2075,0.7563
0.7099,0.1440,0.7081
0.5886,0.1871,0.8256
0.6780,0.1466,0.7991
0.5915,0.1906,0.8664
0.7727,0.1426,0.8045
0.7727,0.1425,1.0909
0.6257,0.2123,0.7475
0.9056,0.1481,0.7998
0.7732,0.2637,0.7093
0.6405,0.1508,0.6206
0.6595,0.1482,0.8286
0.5862,0.1800,0.8603
0.7288,0.1429,0.8471
0.6221,0.2104,0.8399
0.7001,0.1443,0.7269
0.7001,0.1443,0.9571
0.6362,0.2168,0.8378
0.8666,0.1454,0.7409
0.7892,0.2682,0.7692
0.7906,0.1422,0.5522
0.6322,0.2153,0.7336
0.6483,0.1496,0.7010
0.5887,0.1710,0.8423
0.6533,0.1490,0.8431
0.5928,0.1680,0.8830
0.5928,0.1680,0.8792
0.6923,0.1452,0.8632
0.5865,0.1824,0.8712
0.7680,0.1423,0.8467
0.7287,0.2498,0.8548
0.9664,0.1531,0.6286
0.7954,0.2700,0.7044
0.8612,0.1449,0.5372
0.7887,0.2678,0.7548
0.8196,0.1427,0.5340
0.8196,0.1427,1.0714
0.6701,0.2297,0.6525
0.6495,0.1486,0.6738
0.6031,0.1606,0.8313
0.6436,0.1502,0.8746
0.5950,0.1653,0.8873
0.5966,0.1646,0.8785
0.6488,0.1495,0.8676
0.5987,0.1637,0.8907
0.6567,0.1485,0.8857
0.6567,0.1486,0.9368
0.5886,0.1851,0.8830
0.7937,0.1422,0.8308
0.6599,0.2253,0.7843
0.8589,0.1446,0.6702
0.7279,0.2485,0.7394
0.7805,0.1417,0.5720
0.6571,0.2241,0.7649
0.7042,0.1432,0.6466
0.5875,0.1855,0.8137
0.5875,0.1856,0.8817
0.8802,0.1459,0.7558
0.7677,0.2598,0.7577
0.8620,0.1447,0.5623
0.7253,0.2469,0.7220
0.8236,0.1427,0.5707
0.7255,0.2470,0.7573
0.6940,0.1427,0.5893
0.5823,0.1808,0.7971
0.6350,0.1508,0.7961
0.6350,0.1508,0.8767
0.5864,0.1734,0.8804
0.6730,0.1455,0.8391
0.5877,0.1855,0.8706
0.6701,0.1453,0.7879
0.5875,0.1667,0.8592
0.6894,0.1441,0.8681
0.5908,0.1664,0.8703
0.6280,0.1526,0.8587
0.6047,0.1590,0.8784
0.6047,0.1589,0.8745
0.6666,0.1460,0.8817
0.5839,0.1726,0.8738
0.7445,0.1413,0.8580
0.5895,0.1875,0.8154
0.8050,0.1416,0.8106
0.6385,0.2147,0.7452
0.9298,0.1495,0.7250
0.7101,0.2407,0.6601
0.8027,0.1414,0.5866
0.8027,0.1414,1.0417
0.6355,0.2121,0.6776
0.8703,0.1447,0.7427
0.8393,0.2774,0.7708
0.7792,0.1410,0.5157
0.6154,0.2044,0.7337
0.6542,0.1453,0.6876
0.5797,0.1762,0.8286
0.7597,0.1406,0.8167
0.6129,0.2018,0.7930
0.6129,0.2018,0.9332
0.9327,0.1496,0.6321
0.8087,0.2693,0.7411
0.8468,0.1434,0.5199
0.7260,0.2446,0.7246
0.6773,0.1437,0.5924
0.6171,0.1532,0.8018
0.6294,0.1506,0.8602
0.5831,0.1742,0.8688
0.7369,0.1410,0.8231
0.7368,0.1409,1.0270
0.5960,0.1923,0.7897
0.6842,0.1427,0.7614
0.6110,0.2013,0.8467
0.6686,0.1438,0.7140
0.5992,0.1569,0.8373
0.5922,0.1601,0.8533
0.7179,0.1413,0.8769
0.6055,0.1977,0.8352
0.7850,0.1409,0.7296
0.7850,0.1409,1.0519
0.5817,0.1730,0.7881
0.7039,0.1417,0.8411
0.5889,0.1864,0.8178
0.7774,0.1403,0.7749
0.6017,0.1956,0.7660
0.8524,0.1437,0.7567
0.6877,0.2309,0.7246
0.9015,0.1468,0.6182
0.7441,0.2471,0.6926
0.7442,0.2472,1.0826
1.0605,0.1635,0.4985
0.6983,0.2342,0.6134
0.9557,0.1516,0.6188
0.7466,0.2494,0.6587
0.6441,0.1446,0.5738
0.5801,0.1638,0.7808
0.6031,0.1548,0.8158
0.6395,0.1473,0.8493
0.5816,0.1703,0.8627
0.5816,0.1702,0.8640
0.7815,0.1400,0.7916
0.6133,0.2015,0.7741
0.7003,0.1407,0.6990
0.5791,0.1704,0.8065
0.6589,0.1442,0.8004
0.5810,0.1663,0.8426
0.6688,0.1425,0.8236
0.5780,0.1694,0.8438
0.7170,0.1403,0.8285
0.7170,0.1403,0.9883
0.5811,0.1768,0.8112
0.6874,0.1416,0.7992
0.5813,0.1650,0.8307
0.7178,0.1402,0.8429
0.5930,0.1571,0.8496
0.6189,0.1488,0.8472
0.5985,0.1532,0.8546
0.6268,0.1465,0.8590
0.5936,0.1549,0.8592
0.5936,0.1549,0.8493
0.6595,0.1424,0.8557
0.5774,0.1710,0.8472
0.6677,0.1420,0.7991
0.5842,0.1596,0.8387
0.6796,0.1406,0.8447
0.5842,0.1590,0.8451
0.6523,0.1427,0.8449
0.5959,0.1530,0.8556
0.6546,0.1421,0.8683
0.6546,0.1421,0.9132
0.5767,0.1678,0.8402
0.7158,0.1391,0.8243
0.5845,0.1585,0.8312
0.6276,0.1451,0.8306
0.6767,0.1397,0.8961
0.5759,0.1723,0.8253
0.7504,0.1383,0.8122
0.6097,0.1483,0.8610
0.6021,0.1503,0.8458
0.6021,0.1503,0.8421
0.5907,0.1532,0.8391
0.5753,0.1637,0.8463
0.8798,0.1447,0.8707
0.6456,0.1424,0.9010
0.5734,0.1690,0.7900
0.7600,0.1380,0.8278
0.5756,0.1643,0.7907
0.8002,0.1396,0.8763
0.5780,0.1623,0.7854
0.5780,0.1623,0.8032
0.8298,0.1406,0.8355
0.5963,0.1501,0.8288
0.5926,0.1520,0.8195
0.5741,0.1651,0.8297
0.8411,0.1415,0.8342
0.5855,0.1549,0.7954
0.5728,0.1631,0.7979
0.7036,0.1373,0.7946
0.5931,0.1505,0.8355
0.5931,0.1505,0.8276
0.6058,0.1472,0.8290
0.5941,0.1497,0.8319
0.5742,0.1594,0.8332
0.6575,0.1390,0.8013
0.6243,0.1428,0.8624
0.5804,0.1548,0.8330
0.5812,0.1543,0.8208
0.6483,0.1398,0.8116
0.6087,0.1452,0.8469
0.6087,0.1452,0.8441
0.6944,0.1371,0.8981
0.5758,0.1577,0.8248
0.5975,0.1472,0.8076
0.6134,0.1434,0.8244
0.5789,0.1535,0.8255
0.6062,0.1448,0.8129
0.6585,0.1383,0.8519
0.5844,0.1509,0.8354
0.6087,0.1438,0.8247
0.6087,0.1438,0.8353
0.5708,0.1617,0.8245
0.6315,0.1399,0.7800
0.5845,0.1500,0.8170
0.5775,0.1542,0.8156
0.6079,0.1437,0.7962
0.6094,0.1428,0.8203
0.5701,0.1595,0.8194
0.5793,0.1518,0.7987
0.6451,0.1384,0.7900
0.6451,0.1384,0.8612
0.5753,0.1545,0.8182
0.6500,0.1377,0.8135
0.5719,0.1703,0.8052
0.6404,0.1386,0.7431
0.5774,0.1517,0.7989
0.5838,0.1486,0.7965
0.6352,0.1384,0.8038
0.5741,0.1531,0.8110
0.6006,0.1432,0.7950
0.6006,0.1432,0.8127
0.6233,0.1396,0.8303
0.5687,0.1587,0.8099
0.6584,0.1364,0.7802
0.5780,0.1498,0.8068
0.5702,0.1543,0.8000
0.5915,0.1446,0.7813
0.6549,0.1363,0.8126
0.5767,0.1747,0.7971
0.5746,0.1497,0.7559
0.5746,0.1497,0.7794
0.5771,0.1483,0.7860
0.5789,0.1477,0.7908
0.6411,0.1366,0.7937
0.5670,0.1620,0.7982
0.6727,0.1352,0.7555
0.5657,0.1623,0.7794
0.5677,0.1539,0.7783
0.5703,0.1515,0.7828
0.6332,0.1367,0.7552
0.6332,0.1367,0.8299
0.5711,0.1691,0.7847
0.6795,0.1312,0.7073
0.6248,0.1842,0.7336
0.6338,0.1284,0.6183
0.5740,0.1670,0.7317
0.6259,0.1290,0.6430
0.5546,0.1463,0.7252
0.6454,0.1293,0.7228
0.5965,0.1753,0.7272
0.5964,0.1753,0.8424
0.9729,0.1564,0.5698
0.8408,0.2463,0.6757
0.5991,0.1347,0.5273
0.5656,0.1348,0.6637
0.5720,0.1350,0.7157
0.5564,0.1432,0.7281
0.5583,0.1405,0.7158
0.6252,0.1300,0.7103
0.5625,0.1577,0.7276
0.5625,0.1576,0.7592
0.5747,0.1336,0.6446
0.5554,0.1494,0.7287
0.6900,0.1304,0.6650
0.5890,0.1706,0.6945
0.7344,0.1325,0.6132
0.6302,0.1854,0.6692
0.6170,0.1298,0.5720
0.5940,0.1317,0.7144
0.5568,0.1428,0.7181
0.5568,0.1428,0.7095
0.5571,0.1406,0.7023
0.6047,0.1312,0.6873
0.5634,0.1387,0.7220
0.6296,0.1298,0.7281
0.6221,0.1821,0.7469
0.7287,0.1321,0.5494
0.6308,0.1855,0.6764
0.7361,0.1333,0.5471
0.5616,0.1560,0.6563
0.5615,0.1560,0.7234
0.7257,0.1319,0.5985
0.5561,0.1457,0.6901
0.5583,0.1420,0.6903
0.5902,0.1319,0.6765
0.5851,0.1331,0.7207
0.5558,0.1438,0.7168
0.5780,0.1345,0.6873
0.5601,0.1395,0.7082
0.5787,0.1342,0.6952
0.5787,0.1342,0.7123
0.5714,0.1354,0.7168
0.5593,0.1394,0.7132
0.6122,0.1306,0.7018
0.5637,0.1382,0.7229
0.5877,0.1324,0.7111
0.5801,0.1332,0.7273
0.5954,0.1313,0.7398
0.6064,0.1306,0.7664
0.5536,0.1445,0.7190
0.5536,0.1445,0.7085
0.5971,0.1309,0.6640
0.5546,0.1499,0.7164
0.5562,0.1518,0.7369
0.5764,0.1331,0.6467
0.5533,0.1427,0.7067
0.5905,0.1320,0.6763
0.5645,0.1575,0.7341
0.6822,0.1308,0.6174
0.6170,0.1787,0.7034
0.6171,0.1788,0.8750
0.9116,0.1506,0.4710
0.5954,0.1718,0.5770
0.6859,0.1303,0.5727
0.5795,0.1639,0.6593
0.5991,0.1307,0.6109
0.5708,0.1352,0.6924
0.5809,0.1329,0.7049
0.5807,0.1328,0.7196
0.5563,0.1511,0.7190
0.5563,0.1510,0.7335
0.6671,0.1297,0.6052
0.5710,0.1607,0.6903
0.6650,0.1301,0.6136
0.5844,0.1665,0.6908
0.7286,0.1331,0.5960
0.5630,0.1563,0.6532
0.5783,0.1330,0.6410
0.6062,0.1301,0.7013
0.5672,0.1354,0.7238
0.5672,0.1354,0.7109
0.5606,0.1372,0.7062
0.6054,0.1305,0.7045
0.5578,0.1372,0.7170
0.5528,0.1450,0.7128
0.5774,0.1334,0.6683
0.5520,0.1434,0.7067
0.5526,0.1433,0.7051
0.5974,0.1312,0.6521
0.6129,0.1300,0.7261
0.6129,0.1300,0.7804
0.5748,0.1610,0.6999
0.5814,0.1324,0.6346
0.5867,0.1319,0.6869
0.5784,0.1326,0.7143
0.5527,0.1468,0.7091
0.5932,0.1314,0.6571
0.5821,0.1325,0.7072
0.5783,0.1628,0.7348
0.5737,0.1345,0.6423
0.5737,0.1345,0.6743
0.5581,0.1359,0.6882
0.5974,0.1303,0.6949
0.5634,0.1370,0.7132
0.5521,0.1439,0.7059
0.6696,0.1303,0.6651
0.5641,0.1559,0.6787
0.6149,0.1299,0.6270
0.5617,0.1362,0.6973
0.5554,0.1386,0.6946
0.5554,0.1386,0.6910
0.6448,0.1301,0.6814
0.5735,0.1605,0.6971
0.6068,0.1303,0.6132
0.5540,0.1487,0.6971
0.6485,0.1301,0.6346
0.7262,0.2069,0.7988
0.7132,0.1332,0.4639
0.5535,0.1379,0.6561
0.5814,0.1315,0.6704
0.5814,0.1315,0.7028
0.5640,0.1377,0.7014
0.5627,0.1345,0.6842
0.5549,0.1407,0.6967
0.5820,0.1310,0.6641
0.5982,0.1297,0.7115
0.5572,0.1510,0.7039
0.6434,0.1291,0.6366
0.5567,0.1510,0.6867
0.6472,0.1292,0.6378
0.6472,0.1292,0.8103
0.6034,0.1717,0.6667
0.6067,0.1299,0.5912
0.5624,0.1548,0.7030
0.5742,0.1332,0.6340
0.7014,0.1323,0.7147
0.7350,0.2078,0.7164
0.5711,0.1329,0.5785
0.5834,0.1313,0.6368
0.5897,0.1308,0.6907
0.5896,0.1308,0.7197
0.5799,0.1313,0.7249
0.5518,0.1418,0.7014
0.5788,0.1315,0.6680
0.5589,0.1358,0.6934
0.5898,0.1298,0.6893
0.5548,0.1500,0.7050
0.6103,0.1292,0.6351
0.6167,0.1295,0.7422
0.5512,0.1444,0.6955
0.5512,0.1444,0.6962
0.7044,0.1325,0.6384
0.6594,0.1877,0.6829
0.6034,0.1301,0.5544
0.6082,0.1293,0.6746
0.6009,0.1701,0.7119
0.6209,0.1291,0.5725
0.5772,0.1330,0.6935
0.5548,0.1359,0.6919
0.6180,0.1304,0.6993
0.6180,0.1304,0.7650
0.6576,0.1852,0.7293
0.6216,0.1298,0.5421
0.5540,0.1483,0.6825
0.5687,0.1324,0.6367
0.5740,0.1329,0.6765
0.5587,0.1348,0.6899
0.6103,0.1301,0.6986
0.5624,0.1338,0.7131
0.6123,0.1301,0.7250
0.6123,0.1301,0.7744
0.6196,0.1743,0.7065
0.6020,0.1301,0.5815
0.5502,0.1424,0.6811
0.5855,0.1301,0.6428
0.6590,0.1304,0.7464
0.7507,0.2094,0.7481
0.5874,0.1317,0.5545
0.6354,0.1295,0.6440
0.5547,0.1474,0.6759
0.5547,0.1474,0.7023
0.5819,0.1306,0.6161
0.5716,0.1324,0.6752
0.5949,0.1294,0.7016
0.5721,0.1312,0.7230
0.5486,0.1422,0.6976
0.5902,0.1300,0.6599
0.6389,0.1299,0.7485
0.6581,0.1850,0.7076
0.5658,0.1315,0.5908
0.5658,0.1315,0.6520
0.6145,0.1304,0.6994
0.5473,0.1384,0.6937
0.5652,0.1343,0.6763
0.5719,0.1310,0.6812
0.5505,0.1452,0.6986
0.5738,0.1315,0.6434
0.5890,0.1310,0.6867
0.5521,0.1471,0.6939
0.6061,0.1304,0.6296
0.6061,0.1304,0.7192
0.5955,0.1653,0.7011
0.5786,0.1308,0.5975
0.5893,0.1314,0.6691
0.5469,0.1400,0.6845
0.6230,0.1305,0.6605
0.5548,0.1487,0.6827
0.6229,0.1303,0.6228
0.5650,0.1329,0.6953
0.5555,0.1348,0.6854
0.5555,0.1348,0.6802
0.6735,0.1324,0.7128
0.5655,0.1537,0.6571
0.5656,0.1323,0.6265
0.6509,0.1317,0.6912
0.5829,0.1606,0.6694
0.5758,0.1303,0.5980
0.5924,0.1317,0.6733
0.5589,0.1336,0.6882
0.5655,0.1316,0.6854
0.5655,0.1316,0.6943
0.5612,0.1354,0.6906
0.6329,0.1303,0.7048
0.5883,0.1631,0.6804
0.6447,0.1314,0.5706
0.6017,0.1667,0.6919
0.6001,0.1300,0.5622
0.5495,0.1434,0.6741
0.6068,0.1313,0.6268
0.6286,0.1306,0.7342
0.6286,0.1306,0.8269
0.5499,0.1437,0.6749
0.5538,0.1317,0.6468
0.5727,0.1314,0.6777
0.5473,0.1356,0.6807
0.5508,0.1335,0.6657
0.6257,0.1327,0.6937
0.5470,0.1417,0.6707
0.5479,0.1342,0.6465
0.6532,0.1347,0.6828
0.6532,0.1347,0.8396
0.8178,0.2127,0.7125
0.6613,0.1356,0.4627
0.5538,0.1435,0.6373
0.5737,0.1327,0.6146
0.5791,0.1309,0.6662
0.5526,0.1455,0.6754
0.6044,0.1317,0.6103
0.5572,0.1473,0.6722
0.6659,0.1357,0.6021
0.6659,0.1358,0.8315
0.6154,0.1653,0.6030
0.6405,0.1330,0.5515
0.5875,0.1601,0.6545
0.7197,0.1392,0.5575
0.6808,0.1808,0.6659
0.6444,0.1343,0.4964
0.5448,0.1401,0.6432
0.6002,0.1318,0.6336
0.5447,0.1390,0.6668
0.5447,0.1390,0.6688
0.6112,0.1328,0.6200
0.5814,0.1557,0.6853
0.5669,0.1327,0.5954
0.5581,0.1340,0.6505
0.5558,0.1470,0.6975
0.5770,0.1326,0.6025
0.5477,0.1366,0.6623
0.5507,0.1346,0.6536
0.6281,0.1342,0.6727
0.6281,0.1342,0.7834
0.6279,0.1685,0.6536
0.5528,0.1328,0.5939
0.6792,0.1370,0.6597
0.6543,0.1752,0.6550
0.6648,0.1372,0.5077
0.5681,0.1518,0.6401
0.5689,0.1332,0.6002
0.6263,0.1341,0.6704
0.5654,0.1507,0.6559
0.5654,0.1507,0.7306
0.6127,0.1327,0.5384
0.5456,0.1371,0.6566
0.5963,0.1328,0.6511
0.5500,0.1441,0.6680
0.5492,0.1356,0.6398
0.6294,0.1348,0.6450
0.6172,0.1656,0.6873
0.5969,0.1331,0.5516
0.5863,0.1317,0.6671
0.5864,0.1317,0.7307
0.5643,0.1497,0.6704
0.5824,0.1323,0.5969
0.5476,0.1382,0.6626
0.6148,0.1336,0.6454
0.6213,0.1666,0.6955
0.5523,0.1349,0.6086
0.5934,0.1333,0.6177
0.5552,0.1346,0.6701
0.5685,0.1334,0.6708
0.5685,0.1334,0.6836
0.5522,0.1450,0.6814
0.5831,0.1331,0.6105
0.5574,0.1345,0.6650
0.5443,0.1389,0.6703
0.7282,0.1435,0.6800
0.5789,0.1559,0.6022
0.5562,0.1331,0.5978
0.6205,0.1333,0.6598
0.5997,0.1610,0.6722
0.5997,0.1611,0.8147
0.7325,0.1448,0.4577
0.5668,0.1508,0.6154
0.5517,0.1367,0.6293
0.5694,0.1330,0.6223
0.5919,0.1338,0.6768
0.5504,0.1441,0.6685
0.5701,0.1333,0.6190
0.5604,0.1347,0.6609
0.5449,0.1401,0.6723
0.5449,0.1401,0.6780
0.5605,0.1346,0.6313
0.5807,0.1332,0.6503
0.5456,0.1394,0.6707
0.5791,0.1333,0.6361
0.5666,0.1337,0.6767
0.5543,0.1465,0.6831
0.5461,0.1367,0.6460
0.6063,0.1343,0.6232
0.5455,0.1389,0.6638
0.5455,0.1389,0.6636
0.6500,0.1365,0.6263
0.5706,0.1516,0.6483
0.5862,0.1332,0.5854
0.5613,0.1352,0.6600
0.5646,0.1335,0.6630
0.5569,0.1355,0.6728
0.5792,0.1331,0.6691
0.5501,0.1438,0.6742
0.5976,0.1335,0.6112
0.5976,0.1335,0.7089
0.5561,0.1358,0.6904
0.5452,0.1410,0.6680
0.6540,0.1373,0.6303
0.5736,0.1530,0.6484
0.6040,0.1337,0.5770
0.5599,0.1482,0.6678
0.6581,0.1375,0.5797
0.5666,0.1510,0.6377
0.5762,0.1328,0.5864
0.5762,0.1328,0.6682
0.5489,0.1420,0.6698
0.5831,0.1328,0.6200
0.5550,0.1369,0.6692
0.5512,0.1342,0.6507
0.5690,0.1346,0.6643
0.6668,0.1383,0.7390
0.6302,0.1364,0.8263
0.7143,0.1880,0.6705
0.8624,0.1586,0.4922
0.8624,0.1586,1.0988
0.5663,0.1358,0.7776
0.5602,0.1345,0.6794
0.5472,0.1381,0.6583
0.5542,0.1352,0.6485
0.6020,0.1337,0.6612
0.5599,0.1344,0.6891
0.5829,0.1335,0.6900
0.5473,0.1409,0.6730
0.5603,0.1344,0.6400
0.5603,0.1344,0.6583
0.5590,0.1348,0.6660
0.5491,0.1365,0.6668
0.5717,0.1336,0.6520
0.5932,0.1339,0.6910
0.5952,0.1336,0.7300
0.5537,0.1453,0.6673
0.5447,0.1392,0.6611
0.5906,0.1336,0.6142
0.5462,0.1381,0.6652
0.5462,0.1381,0.6640
0.7011,0.1409,0.6523
0.7324,0.1924,0.6853
0.5538,0.1338,0.5766
0.6154,0.1324,0.5999
0.5507,0.1428,0.6605
0.5451,0.1333,0.6276
0.5795,0.1322,0.6550
0.6447,0.1352,0.7419
0.6534,0.1710,0.6674
0.6534,0.1710,0.9006
0.7083,0.1424,0.4247
0.5487,0.1351,0.6394
0.5566,0.1381,0.6561
0.5613,0.1316,0.6302
0.5465,0.1404,0.6734
0.5638,0.1329,0.6272
0.5548,0.1352,0.6635
0.5538,0.1342,0.6590
0.6061,0.1347,0.6826
0.6061,0.1347,0.7376
0.5699,0.1505,0.6560
0.5494,0.1349,0.6260
0.6139,0.1347,0.6405
0.5491,0.1431,0.6604
0.5484,0.1354,0.6348
0.6055,0.1351,0.6457
0.5455,0.1390,0.6637
0.6091,0.1347,0.6461
0.5476,0.1372,0.6695
0.5476,0.1372,0.6566
0.5765,0.1337,0.6394
0.5474,0.1370,0.6668
0.5445,0.1381,0.6620
0.6004,0.1349,0.6327
0.5476,0.1431,0.6637
0.5696,0.1341,0.6185
0.5449,0.1398,0.6648
0.6023,0.1347,0.6246
0.5484,0.1428,0.6619
0.5484,0.1428,0.6773
0.5453,0.1367,0.6381
0.5742,0.1348,0.6263
0.6064,0.1354,0.6804
0.6163,0.1641,0.6898
0.6424,0.1370,0.5237
0.6375,0.1699,0.6935
0.5733,0.1342,0.5554
0.5815,0.1333,0.6327
0.5463,0.1412,0.6634
0.5463,0.1412,0.6768
0.5642,0.1341,0.6131
0.5644,0.1347,0.6521
0.5471,0.1428,0.6763
0.6219,0.1359,0.6067
0.6058,0.1616,0.6843
0.5868,0.1344,0.5563
0.5489,0.1436,0.6648
0.5510,0.1353,0.6230
0.6256,0.1365,0.6478
0.6256,0.1365,0.7626
0.5843,0.1548,0.6389
0.5654,0.1336,0.5916
0.6169,0.1360,0.6674
0.5491,0.1437,0.6537
0.6046,0.1351,0.6159
0.6031,0.1608,0.6917
0.6672,0.1397,0.5221
0.5463,0.1405,0.6355
0.5454,0.1418,0.6580
0.5454,0.1418,0.6844
0.6907,0.1416,0.5810
0.5851,0.1549,0.6297
0.5982,0.1356,0.5709
0.5519,0.1452,0.6596
0.5687,0.1343,0.6039
0.6356,0.1377,0.6820
0.5787,0.1535,0.6483
0.5989,0.1350,0.5779
0.5475,0.1419,0.6561
0.5475,0.1419,0.6731
0.5562,0.1343,0.6122
0.6314,0.1376,0.6612
0.5489,0.1437,0.6511
0.5457,0.1414,0.6692
0.5817,0.1347,0.6002
0.5450,0.1403,0.6617
0.5575,0.1354,0.6316
0.5457,0.1414,0.6741
0.5596,0.1350,0.6243
0.5596,0.1350,0.6512
0.5516,0.1446,0.6852
0.6053,0.1357,0.5937
0.5661,0.1352,0.6726
0.5480,0.1368,0.6649
0.5824,0.1350,0.6584
0.5723,0.1527,0.6868
0.6878,0.1425,0.5604
0.7225,0.1895,0.6994
0.7237,0.1456,0.4452
0.7237,0.1456,0.8356
0.6157,0.1644,0.5754
0.5589,0.1351,0.5860
0.5539,0.1360,0.6359
0.5607,0.1345,0.6451
0.5535,0.1372,0.6656
0.5964,0.1345,0.6543
0.5779,0.1551,0.6825
0.6063,0.1346,0.5610
0.5561,0.1471,0.6605
0.5561,0.1471,0.7114
0.6653,0.1391,0.5369
0.5753,0.1562,0.6359
0.5455,0.1341,0.5976
0.5892,0.1360,0.6358
0.6570,0.1382,0.7063
0.6989,0.1839,0.6597
0.5673,0.1345,0.5600
0.5507,0.1329,0.6176
0.5630,0.1393,0.6622
0.5630,0.1393,0.6684
0.5570,0.1322,0.6057
0.5569,0.1360,0.6940
0.5782,0.1344,0.6983
0.5590,0.1393,0.6792
0.5963,0.1354,0.6556
0.5650,0.1375,0.6818
0.5808,0.1347,0.6733
0.5692,0.1518,0.6771
0.5963,0.1352,0.5722
0.5964,0.1352,0.6883
0.5712,0.1519,0.6615
0.6510,0.1389,0.5685
0.5728,0.1523,0.6380
0.5467,0.1358,0.6105
0.6152,0.1368,0.6259
0.5666,0.1501,0.6622
0.6207,0.1368,0.5749
0.5995,0.1598,0.6821
0.5929,0.1353,0.5477
0.5929,0.1353,0.6659
0.5947,0.1592,0.6805
0.5423,0.1377,0.6382
0.6472,0.1383,0.5931
0.5448,0.1404,0.6480
0.5892,0.1349,0.6311
0.5501,0.1367,0.6635
0.6027,0.1355,0.6703
0.5480,0.1425,0.6598
0.5498,0.1354,0.6298
0.5498,0.1354,0.6504
0.7043,0.1444,0.7159
0.5866,0.1559,0.6091
0.5568,0.1352,0.5968
0.6190,0.1372,0.6458
0.5456,0.1419,0.6519
0.5957,0.1357,0.6238
0.5682,0.1510,0.6729
0.6017,0.1356,0.5687
0.5487,0.1430,0.6554
0.5486,0.1430,0.6756
0.5894,0.1349,0.5801
0.5518,0.1376,0.6563
0.5786,0.1348,0.6484
0.5702,0.1355,0.6833
0.5641,0.1498,0.6809
0.6781,0.1418,0.5733
0.6003,0.1597,0.6307
0.7141,0.1452,0.5380
0.6968,0.1832,0.6415
0.6968,0.1833,0.9700
0.9591,0.1724,0.3763
0.6377,0.1680,0.5487
0.8061,0.1539,0.5440
0.7049,0.1847,0.6001
0.8377,0.1582,0.4904
0.5869,0.1585,0.5487
0.7536,0.1483,0.5932
0.5611,0.1485,0.5972
0.7360,0.1459,0.6609
0.7361,0.1460,1.0100
0.6799,0.1836,0.5100
0.9327,0.1676,0.6051
0.5669,0.1341,0.6892
0.5858,0.1557,0.6192
0.7726,0.1496,0.5855
0.5525,0.1369,0.6487
0.5465,0.1396,0.6376
0.5656,0.1324,0.6209
0.5446,0.1367,0.6620
0.5446,0.1368,0.6600
0.6710,0.1372,0.6479
0.5426,0.1378,0.6549
0.5553,0.1334,0.6472
0.5533,0.1362,0.6650
0.5991,0.1340,0.6543
0.5419,0.1377,0.6595
0.5418,0.1387,0.6687
0.6801,0.1386,0.6269
0.5451,0.1378,0.6553
0.5451,0.1378,0.6526
0.6028,0.1339,0.6333
0.5473,0.1413,0.6629
0.5930,0.1335,0.6264
0.5785,0.1337,0.6779
0.5438,0.1370,0.6643
0.6829,0.1386,0.6892
0.5486,0.1372,0.6693
0.5660,0.1335,0.6537
0.6006,0.1330,0.6832
0.6006,0.1330,0.7260
0.5442,0.1368,0.6720
0.6199,0.1336,0.6701
0.5438,0.1378,0.6626
0.5458,0.1380,0.6582
0.5811,0.1320,0.6260
0.5502,0.1374,0.6662
0.6068,0.1334,0.6549
0.5511,0.1446,0.6611
0.7729,0.1474,0.6572
0.7729,0.1474,0.9915
0.7710,0.1976,0.5321
0.7946,0.1522,0.4895
0.5944,0.1346,0.7315
0.5582,0.1470,0.6230
0.6435,0.1360,0.6066
0.5494,0.1394,0.6510
0.5473,0.1364,0.6399
0.6795,0.1377,0.6598
0.5450,0.1371,0.6595
0.5449,0.1371,0.6519
0.6879,0.1382,0.6591
0.5512,0.1342,0.6831
0.5642,0.1342,0.6657
0.5763,0.1320,0.6730
0.5507,0.1369,0.6714
0.5819,0.1318,0.6548
0.5639,0.1343,0.6808
0.5523,0.1332,0.6641
0.5714,0.1329,0.6674
0.5714,0.1329,0.6755
0.5608,0.1324,0.6750
0.5648,0.1328,0.6763
0.5430,0.1371,0.6673
0.5662,0.1321,0.6417
0.5547,0.1338,0.6636
0.5831,0.1317,0.6656
0.5471,0.1423,0.6698
0.6188,0.1332,0.6144
0.5445,0.1388,0.6563
0.5445,0.1388,0.6619
0.6456,0.1349,0.6103
0.5495,0.1431,0.6436
0.6443,0.1349,0.6176
0.5457,0.1411,0.6417
0.6609,0.1365,0.6407
0.5732,0.1528,0.6305
0.6305,0.1341,0.5694
0.5484,0.1371,0.6492
0.5557,0.1330,0.6385
0.5557,0.1330,0.6574
0.5621,0.1341,0.6644
0.5552,0.1329,0.6580
0.5496,0.1347,0.6641
0.5424,0.1369,0.6640
0.6351,0.1346,0.6370
0.5523,0.1447,0.6502
0.6053,0.1329,0.6026
0.5484,0.1353,0.6581
0.5474,0.1430,0.6756
0.5475,0.1430,0.7011
0.6897,0.1399,0.5636
0.5913,0.1331,0.7174
0.6361,0.1708,0.6823
0.6745,0.1381,0.4939
0.5718,0.1333,0.6709
0.5529,0.1446,0.6528
0.6025,0.1327,0.5962
0.5515,0.1442,0.6601
0.6048,0.1328,0.5932
0.6049,0.1328,0.7137
0.5620,0.1494,0.6510
0.5456,0.1342,0.6222
0.5444,0.1382,0.6644
0.5986,0.1331,0.6123
0.5496,0.1434,0.6648
0.6035,0.1331,0.6000
0.5574,0.1467,0.6649
0.6072,0.1333,0.5837
0.5687,0.1335,0.6690
0.5687,0.1335,0.6713
0.5423,0.1396,0.6628
0.6072,0.1334,0.6251
0.5452,0.1361,0.6612
0.5457,0.1348,0.6504
0.5679,0.1326,0.6446
0.5441,0.1371,0.6644
0.5445,0.1351,0.6506
0.5952,0.1331,0.6383
0.5634,0.1329,0.6787
0.5634,0.1329,0.6762
0.5470,0.1422,0.6722
0.6591,0.1371,0.6124
0.7121,0.1873,0.7137
0.6169,0.1345,0.4892
0.5673,0.1323,0.6333
0.5522,0.1342,0.6582
0.5429,0.1403,0.6669
0.6245,0.1347,0.6120
0.5462,0.1417,0.6512
0.5461,0.1417,0.6770
0.6290,0.1347,0.5763
0.5638,0.1340,0.6710
0.5938,0.1328,0.6877
0.5635,0.1486,0.6597
0.5494,0.1336,0.6167
0.6208,0.1352,0.6399
0.5435,0.1403,0.6522
0.5554,0.1335,0.6310
0.5426,0.1385,0.6650
0.5426,0.1385,0.6692
0.6370,0.1355,0.6015
0.5530,0.1450,0.6458
0.5506,0.1336,0.6156
0.5585,0.1346,0.6443
0.5688,0.1326,0.6471
0.5450,0.1365,0.6632
0.6434,0.1360,0.6612
0.5717,0.1514,0.6385
0.5443,0.1350,0.6216
0.5443,0.1350,0.6420
0.6024,0.1344,0.6343
0.5491,0.1438,0.6616
0.5909,0.1332,0.6017
0.5540,0.1346,0.6584
0.5438,0.1349,0.6532
0.5443,0.1403,0.6756
0.5901,0.1332,0.6047
0.5545,0.1346,0.6604
0.5959,0.1333,0.6698
0.5959,0.1333,0.7301
0.6452,0.1714,0.6937
0.6407,0.1373,0.5117
0.5740,0.1320,0.6599
0.5619,0.1472,0.6581
0.5609,0.1323,0.5972
0.5445,0.1367,0.6545
0.5730,0.1327,0.6295
0.5524,0.1449,0.6779
0.5462,0.1341,0.6269
0.5462,0.1341,0.6451
0.5657,0.1500,0.7265
0.5436,0.1408,0.6926
0.5636,0.1338,0.6064
0.5811,0.1336,0.6376
0.5559,0.1341,0.6643
0.5929,0.1337,0.6761
0.5497,0.1438,0.6606
0.5539,0.1334,0.6189
0.5872,0.1340,0.6472
0.5872,0.1340,0.6883
0.5422,0.1365,0.6621
0.5519,0.1452,0.6901
0.5559,0.1335,0.6122
0.6244,0.1358,0.6475
0.6046,0.1604,0.6726
0.5728,0.1339,0.5741
0.5652,0.1332,0.6321
0.5441,0.1367,0.6570
0.5477,0.1342,0.6426
0.5477,0.1343,0.6505
0.5484,0.1352,0.6555
0.5948,0.1337,0.6463
0.5657,0.1338,0.6827
0.5420,0.1395,0.6620
0.6842,0.1408,0.6474
0.6168,0.1639,0.6239
0.5489,0.1348,0.6023
0.5750,0.1324,0.6040
0.5949,0.1340,0.6794
0.5949,0.1340,0.7205
0.5662,0.1495,0.6540
0.5437,0.1347,0.6279
0.5774,0.1340,0.6256
0.5567,0.1339,0.6566
0.5981,0.1342,0.6785
0.5870,0.1562,0.6755
0.6104,0.1345,0.5510
0.5449,0.1383,0.6457
0.5804,0.1332,0.6245
0.5804,0.1332,0.6852
0.5516,0.1441,0.6621
0.5483,0.1339,0.6206
0.6468,0.1378,0.6548
0.5674,0.1500,0.6374
0.5775,0.1336,0.5864
0.5746,0.1341,0.6517
0.5414,0.1378,0.6561
0.5508,0.1346,0.6401
0.5841,0.1340,0.6450
0.5841,0.1340,0.6900
0.5518,0.1447,0.6605
0.6580,0.1384,0.6015
0.6986,0.1819,0.6944
0.7658,0.1494,0.4511
0.7268,0.1893,0.6439
0.7107,0.1438,0.4467
0.5448,0.1328,0.6309
0.5588,0.1340,0.6540
0.5747,0.1325,0.6658
0.5747,0.1325,0.6979
0.5609,0.1467,0.6681
0.5643,0.1324,0.5964
0.5561,0.1345,0.6504
0.5535,0.1337,0.6506
0.5550,0.1341,0.6565
0.5840,0.1335,0.6660
0.5574,0.1343,0.6776
0.5657,0.1333,0.6692
0.5493,0.1349,0.6661
0.5493,0.1349,0.6552
0.5561,0.1335,0.6482
0.6718,0.1401,0.7186
0.6181,0.1631,0.6214
0.5399,0.1363,0.6293
0.6243,0.1364,0.5893
0.5703,0.1511,0.6586
0.5496,0.1338,0.6055
0.5987,0.1347,0.6286
0.5470,0.1351,0.6600
0.5471,0.1351,0.6516
0.5441,0.1360,0.6534
0.5420,0.1367,0.6554
0.6016,0.1349,0.6243
0.5450,0.1411,0.6558
0.6124,0.1352,0.6116
0.5850,0.1548,0.6685
0.6030,0.1346,0.5487
0.5443,0.1387,0.6433
0.5906,0.1340,0.6191
0.5906,0.1340,0.6978
0.5484,0.1420,0.6536
0.5848,0.1335,0.6106
0.5458,0.1390,0.6543
0.5418,0.1405,0.6658
0.5732,0.1342,0.6050
0.5420,0.1392,0.6598
0.5518,0.1343,0.6293
0.5728,0.1344,0.6433
0.5479,0.1353,0.6576
0.5479,0.1353,0.6511
0.5775,0.1339,0.6455
0.5612,0.1478,0.6789
0.6027,0.1348,0.5733
0.5527,0.1354,0.6527
0.5644,0.1338,0.6501
0.5764,0.1345,0.6730
0.5524,0.1450,0.6667
0.6418,0.1378,0.5894
0.5443,0.1382,0.6434
0.5443,0.1382,0.6479
0.6468,0.1380,0.6185
0.6227,0.1642,0.6541
0.5498,0.1415,0.6880
0.6231,0.1350,0.5361
0.5555,0.1355,0.6509
0.5394,0.1369,0.6469
0.5863,0.1345,0.6307
0.6106,0.1356,0.7056
0.5774,0.1524,0.6484
0.5774,0.1524,0.7599
0.5689,0.1340,0.5671
0.5970,0.1339,0.6277
0.5438,0.1374,0.6543
0.5487,0.1339,0.6377
0.5532,0.1344,0.6502
0.5431,0.1359,0.6560
0.5555,0.1343,0.6422
0.5450,0.1414,0.6757
0.6016,0.1349,0.5962
0.6017,0.1349,0.7027
0.5571,0.1457,0.6456
0.5388,0.1368,0.6377
0.6580,0.1401,0.6138
0.5939,0.1571,0.6399
0.6008,0.1352,0.5478
0.5434,0.1385,0.6414
0.5562,0.1337,0.6223
0.5995,0.1358,0.6632
0.5466,0.1351,0.6645
0.5466,0.1351,0.6533
0.6255,0.1371,0.6697
0.5623,0.1480,0.6441
0.6133,0.1357,0.5804
0.5677,0.1497,0.6549
0.5975,0.1348,0.5627
0.5468,0.1414,0.6483
0.5665,0.1337,0.6045
0.5475,0.1364,0.6504
0.5414,0.1371,0.6526
0.5413,0.1371,0.6553
0.6042,0.1356,0.6155
0.5479,0.1425,0.6545
0.5411,0.1372,0.6450
0.6697,0.1413,0.6170
0.6588,0.1725,0.6600
0.5646,0.1351,0.5712
0.5559,0.1323,0.6103
0.5687,0.1352,0.6583
0.5386,0.1365,0.6546
0.5386,0.1365,0.6574
0.6518,0.1399,0.6388
0.6996,0.1817,0.7061
0.5569,0.1370,0.6009
0.5961,0.1341,0.5765
0.5530,0.1367,0.6496
0.5386,0.1375,0.6474
0.5747,0.1348,0.6250
0.5428,0.1405,0.6620
0.5955,0.1345,0.6080
0.5970,0.1339,0.3862
0.5970,0.1339,0.3862
0.5970,0.1339,0.6146
0.5970,0.1339,0.7169
0.5970,0.1339,0.7584
0.5970,0.1339,0.7750
0.5970,0.1339,0.7815
0.5970,0.1339,0.7841
0.5970,0.1339,0.7852
0.5970,0.1339,0.7856
0.5970,0.1339,0.7857
0.5970,0.1339,0.7858
0.5970,0.1339,0.7858
0.5970,0.1339,0.7858
0.5970,0.1339,0.7858
0.5970,0.1339,0.7858
0.5970,0.1339,0.7858
0.5970,0.1339,0.7858
0.5970,0.1339,0.7858
0.5970,0.1339,0.7858
0.5970,0.1339,0.7858
0.5970,0.1339,0.7858
0.5970,0.1339,0.7858
0.5970,0.1339,0.7858
0.5970,0.1339,0.7858
0.5970,0.1339,0.7858
0.5970,0.1339,0.7858
0.5970,0.1339,0.7858
0.5970,0.1339,0.7858
0.5970,0.1339,0.7858
0.5970,0.1339,0.7858
0.5970,0.1339,0.7858
0.5970,0.1339,0.7858
0.5970,0.1339,0.7858
0.5970,0.1339,0.7858
0.5970,0.1339,0.7858
0.5970,0.1339,0.7858
0.5970,0.1339,0.7858
0.5970,0.1339,0.7858
0.5970,0.1339,0.7858
0.5970,0.1339,0.7858
0.5970,0.1339,0.7858
0.5970,0.1339,0.7858
0.5970,0.1339,0.7858
0.5970,0.1339,0.7858
0.5970,0.1339,0.7858
0.5970,0.1339,0.7858
0.5970,0.1339,0.7858
0.5970,0.1339,0.7858
0.5970,0.1339,0.7858
0.5970,0.1339,0.7858
0.5970,0.1339,0.7858
0.5970,0.1339,0.7858
0.5970,0.1339,0.7858
0.5970,0.1339,0.7858
0.5970,0.1339,0.7858
0.5970,0.1339,0.7858
0.5970,0.1339,0.7858
0.5970,0.1339,0.7858
0.5970,0.1339,0.7858
0.5970,0.1339,0.7858
0.5970,0.1339,0.7858
0.5970,0.1339,0.7858
0.5970,0.1339,0.7858
0.5970,0.1339,0.7858
0.5970,0.1339,0.7858
0.5970,0.1339,0.7858
0.5970,0.1339,0.7858
0.5970,0.1339,0.7858
0.5970,0.1339,0.7858
0.5970,0.1339,0.7858
0.5970,0.1339,0.7858
0.5970,0.1339,0.7858
0.5970,0.1339,0.7858
0.5970,0.1339,0.7858
0.5970,0.1339,0.7858
0.5970,0.1339,0.7858
0.5970,0.1339,0.7858
0.5970,0.1339,0.7858
0.5970,0.1339,0.7858
0.5970,0.1339,0.7858
0.5970,0.1339,0.7858
0.5970,0.1339,0.7858
0.5970,0.1339,0.7858
0.5970,0.1339,0.7858
0.5970,0.1339,0.7858
0.5970,0.1339,0.7858
0.5970,0.1339,0.7858
0.5970,0.1339,0.7858
0.5970,0.1339,0.7858
0.5970,0.1339,0.7858
0.5970,0.1339,0.7858
0.5970,0.1339,0.7858
0.5970,0.1339,0.7858
0.5970,0.1339,0.7858
0.5970,0.1339,0.7858
0.5970,0.1339,0.7858
0.5970,0.1339,0.7858
0.5970,0.1339,0.7858
0.5970,0.1339,0.7858
0.5970,0.1339,0.7858
0.5970,0.1339,0.7858
0.5970,0.1339,0.7858
0.5970,0.1339,0.7858
0.5970,0.1339,0.7858
0.5970,0.1339,0.7858
0.5970,0.1339,0.7858
0.5970,0.1339,0.7858
0.5970,0.1339,0.7858
0.5970,0.1339,0.7858
0.5970,0.1339,0.7858
0.5970,0.1339,0.7858
0.5970,0.1339,0.7858
0.5970,0.1339,0.7858
0.5970,0.1339,0.7858
0.5970,0.1339,0.7858
0.5970,0.1339,0.7858
0.5970,0.1339,0.7858
0.5970,0.1339,0.7858
0.5970,0.1339,0.7858
0.5970,0.1339,0.7858
0.5970,0.1339,0.7858
0.5970,0.1339,0.7858
0.5970,0.1339,0.7858
0.5970,0.1339,0.7858
0.5970,0.1339,0.7858
0.5970,0.1339,0.7858
0.5970,0.1339,0.7858
0.5970,0.1339,0.7858
0.5970,0.1339,0.7858
0.5970,0.1339,0.7858
0.5970,0.1339,0.7858
0.5970,0.1339,0.7858
0.5970,0.1339,0.7858
0.5970,0.1339,0.7858
0.5970,0.1339,0.7858
0.5970,0.1339,0.7858
0.5970,0.1339,0.7858
0.5970,0.1339,0.7858
0.5970,0.1339,0.7858
0.5970,0.1339,0.7858
0.5970,0.1339,0.7858
0.5970,0.1339,0.7858
0.5970,0.1339,0.7858
0.5970,0.1339,0.7858
0.5970,0.1339,0.7858
0.5970,0.1339,0.7858
0.5970,0.1339,0.7858
0.5970,0.1339,0.7858
0.5970,0.1339,0.7858
0.5970,0.1339,0.7858
0.5970,0.1339,0.7858
0.5970,0.1339,0.7858
0.5970,0.1339,0.7858
0.5970,0.1339,0.7858
0.5970,0.1339,0.7858
0.5970,0.1339,0.7858
0.5970,0.1339,0.7858
0.5970,0.1339,0.7858
0.5970,0.1339,0.7858
0.5970,0.1339,0.7858
0.5970,0.1339,0.7858
0.5970,0.1339,0.7858
0.5970,0.1339,0.7858
0.5970,0.1339,0.7858
0.5970,0.1339,0.7858
0.5970,0.1339,0.7858
0.5970,0.1339,0.7858
0.5970,0.1339,0.7858
0.5970,0.1339,0.7858
0.5970,0.1339,0.7858
0.5970,0.1339,0.7858
0.5970,0.1339,0.7858
0.5970,0.1339,0.7858
0.5970,0.1339,0.7858
0.5970,0.1339,0.7858
0.5970,0.1339,0.7858
0.5970,0.1339,0.7858
0.5970,0.1339,0.7858
0.5970,0.1339,0.7858
0.5970,0.1339,0.7858
0.5970,0.1339,0.7858
0.5970,0.1339,0.7858
0.5970,0.1339,0.7858
0.5970,0.1339,0.7858
0.5970,0.1339,0.7858
0.5970,0.1339,0.7858
0.5970,0.1339,0.7858
0.5970,0.1339,0.7858
0.5970,0.1339,0.7858
0.5970,0.1339,0.7858
0.5970,0.1339,0.7858
0.5970,0.1339,0.7858
0.5970,0.1339,0.7858
0.5970,0.1339,0.7858
0.5970,0.1339,0.7858
0.5970,0.1339,0.7858
0.5970,0.1339,0.7858
0.5970,0.1339,0.7858
0.5970,0.1339,0.7858
0.5970,0.1339,0.7858
0.5955,0.1345,0.7774
0.5970,0.1339,0.3862
0.5970,0.1339,0.3862
0.5970,0.1339,0.6146
0.5970,0.1339,0.7169
0.5970,0.1339,0.7584
0.5970,0.1339,0.7750
0.5970,0.1339,0.7815
0.5970,0.1339,0.7841
0.5970,0.1339,0.7852
0.5970,0.1339,0.7856
0.5970,0.1339,0.7857
0.5970,0.1339,0.7858
0.5970,0.1339,0.7858
0.5970,0.1339,0.7858
0.5970,0.1339,0.7858
0.5970,0.1339,0.7858
0.5970,0.1339,0.7858
0.5970,0.1339,0.7858
0.5970,0.1339,0.7858
0.5970,0.1339,0.7858
0.5970,0.1339,0.7858
0.5970,0.1339,0.7858
0.5970,0.1339,0.7858
0.5970,0.1339,0.7858
0.5970,0.1339,0.7858
0.5970,0.1339,0.7858
0.5970,0.1339,0.7858
0.5970,0.1339,0.7858
0.5970,0.1339,0.7858
0.5970,0.1339,0.7858
0.5970,0.1339,0.7858
0.5970,0.1339,0.7858
0.5970,0.1339,0.7858
0.5970,0.1339,0.7858
0.5970,0.1339,0.7858
0.5970,0.1339,0.7858
0.5970,0.1339,0.7858
0.5970,0.1339,0.7858
0.5970,0.1339,0.7858
0.5970,0.1339,0.7858
0.5970,0.1339,0.7858
0.5970,0.1339,0.7858
0.5970,0.1339,0.7858
0.5970,0.1339,0.7858
0.5970,0.1339,0.7858
0.5970,0.1339,0.7858
0.5970,0.1339,0.7858
0.5970,0.1339,0.7858
0.5970,0.1339,0.7858
0.5970,0.1339,0.7858
0.5970,0.1339,0.7858
0.5970,0.1339,0.7858
0.5970,0.1339,0.7858
0.5970,0.1339,0.7858
0.5970,0.1339,0.7858
0.5970,0.1339,0.7858
0.5970,0.1339,0.7858
0.5970,0.1339,0.7858
0.5970,0.1339,0.7858
0.5970,0.1339,0.7858
0.5970,0.1339,0.7858
0.5970,0.1339,0.7858
0.5970,0.1339,0.7858
0.5970,0.1339,0.7858
0.5970,0.1339,0.7858
0.5970,0.1339,0.7858
0.5970,0.1339,0.7858
0.5970,0.1339,0.7858
0.5970,0.1339,0.7858
0.5970,0.1339,0.7858
0.5970,0.1339,0.7858
0.5970,0.1339,0.7858
0.5970,0.1339,0.7858
0.5970,0.1339,0.7858
0.5970,0.1339,0.7858
0.5970,0.1339,0.7858
0.5970,0.1339,0.7858
0.5970,0.1339,0.7858
0.5970,0.1339,0.7858
0.5970,0.1339,0.7858
0.5970,0.1339,0.7858
0.5970,0.1339,0.7858
0.5970,0.1339,0.7858
0.5970,0.1339,0.7858
0.5970,0.1339,0.7858
0.5970,0.1339,0.7858
0.5970,0.1339,0.7858
0.5970,0.1339,0.7858
0.5970,0.1339,0.7858
0.5970,0.1339,0.7858
0.5970,0.1339,0.7858
0.5970,0.1339,0.7858
0.5970,0.1339,0.7858
0.5970,0.1339,0.7858
0.5970,0.1339,0.7858
0.5970,0.1339,0.7858
0.5970,0.1339,0.7858
0.5970,0.1339,0.7858
0.5970,0.1339,0.7858
0.5970,0.1339,0.7858
0.5970,0.1339,0.7858
0.5970,0.1339,0.7858
0.5970,0.1339,0.7858
0.5970,0.1339,0.7858
0.5970,0.1339,0.7858
0.5970,0.1339,0.7858
0.5970,0.1339,0.7858
0.5970,0.1339,0.7858
0.5970,0.1339,0.7858
0.5970,0.1339,0.7858
0.5970,0.1339,0.7858
0.5970,0.1339,0.7858
0.5970,0.1339,0.7858
0.5970,0.1339,0.7858
0.5970,0.1339,0.7858
0.5970,0.1339,0.7858
0.5970,0.1339,0.7858
0.5970,0.1339,0.7858
0.5970,0.1339,0.7858
0.5970,0.1339,0.7858
0.5970,0.1339,0.7858
0.5970,0.1339,0.7858
0.5970,0.1339,0.7858
0.5970,0.1339,0.7858
0.5970,0.1339,0.7858
0.5970,0.1339,0.7858
0.5970,0.1339,0.7858
0.5970,0.1339,0.7858
0.5970,0.1339,0.7858
0.5970,0.1339,0.7858
0.5970,0.1339,0.7858
0.5970,0.1339,0.7858
0.5970,0.1339,0.7858
0.5970,0.1339,0.7858
0.5970,0.1339,0.7858
0.5970,0.1339,0.7858
0.5970,0.1339,0.7858
0.5970,0.1339,0.7858
0.5970,0.1339,0.7858
0.5970,0.1339,0.7858
0.5970,0.1339,0.7858
0.5970,0.1339,0.7858
0.5970,0.1339,0.7858
0.5970,0.1339,0.7858
0.5970,0.1339,0.7858
0.5970,0.1339,0.7858
0.5970,0.1339,0.7858
0.5970,0.1339,0.7858
0.5970,0.1339,0.7858
0.5970,0.1339,0.7858
0.5970,0.1339,0.7858
0.5970,0.1339,0.7858
0.5970,0.1339,0.7858
0.5970,0.1339,0.7858
0.5970,0.1339,0.7858
0.5970,0.1339,0.7858
0.5970,0.1339,0.7858
0.5970,0.1339,0.7858
0.5970,0.1339,0.7858
0.5970,0.1339,0.7858
0.5970,0.1339,0.7858
0.5970,0.1339,0.7858
0.5970,0.1339,0.7858
0.5970,0.1339,0.7858
0.5970,0.1339,0.7858
0.5970,0.1339,0.7858
0.5970,0.1339,0.7858
0.5970,0.1339,0.7858
0.5970,0.1339,0.7858
0.5970,0.1339,0.7858
0.5970,0.1339,0.7858
0.5970,0.1339,0.7858
0.5970,0.1339,0.7858
0.5970,0.1339,0.7858
0.5970,0.1339,0.7858
0.5970,0.1339,0.7858
0.5970,0.1339,0.7858
0.5970,0.1339,0.7858
0.5970,0.1339,0.7858
0.5970,0.1339,0.7858
0.5970,0.1339,0.7858
0.5970,0.1339,0.7858
0.5970,0.1339,0.7858
0.5970,0.1339,0.7858
0.5970,0.1339,0.7858
0.5970,0.1339,0.7858
0.5970,0.1339,0.7858
0.5970,0.1339,0.7858
0.5970,0.1339,0.7858
0.5970,0.1339,0.7858
0.5970,0.1339,0.7858
0.5970,0.1339,0.7858
0.5970,0.1339,0.7858
0.5970,0.1339,0.7858
0.5970,0.1339,0.7858
0.5970,0.1339,0.7858
0.5970,0.1339,0.7858
0.5970,0.1339,0.7858
0.5970,0.1339,0.7858
0.5970,0.1339,0.7858
0.5970,0.1339,0.7858
0.5955,0.1345,0.7774
