147967.5938
100515.8125
77524.8281
93072.9062
66737.9766
101390.7812
57394.0195
158124.4219
21292.2656
85947.5234
89760.8125
61114.6680
49697.7227
99170.5156
42101.6172
74721.1406
73119.1406
52237.7188
82895.1250
59630.5547
64085.1250
74781.6328
62186.5859
47997.2461
59251.2266
55669.1094
51515.6484
59849.3359
51741.1602
56536.5938
55771.1406
53222.3750
45763.4062
49977.1289
45019.4062
49345.1133
46166.5078
47927.1797
47747.4219
46555.3945
48854.0156
45408.3008
40314.3438
44947.4258
38795.7656
46521.7031
36969.7109
49293.9883
33417.7891
55039.1719
29787.7305
58284.7812
51675.6211
22552.6953
48473.0781
35069.9219
33322.8750
44762.7930
31946.4746
39497.6289
39047.4531
33777.7188
30733.7305
37717.7031
32186.2773
33819.0117
35719.0195
31898.3926
35632.7969
33379.0938
33700.1445
34971.3125
32291.8359
30238.5273
32377.5742
30828.0742
31398.3789
31840.2012
30615.5176
32298.7578
30558.1719
32062.2070
29703.8516
28534.0000
29487.3359
28834.4590
29236.5195
28994.3105
29101.4336
29047.5723
29075.0234
29081.0273
27082.9375
27014.0098
27150.7656
26936.3906
27301.6094
26706.3965
27638.4492
26194.4629
28470.8184
24961.7773
23398.1328
29348.8945
19596.5977
36145.9297
14554.6953
34507.9648
23278.1777
22792.9766
31316.5273
20548.1367
19416.5430
27670.6152
24216.4219
21464.8848
27267.8008
22453.1270
23817.6719
25491.2129
22461.3184
25078.5625
23622.2656
22310.2461
22251.8359
23440.5703
21881.7363
23067.6133
22636.6211
22302.7812
23116.0938
22175.9648
20960.0898
21808.3203
21187.6270
21444.8066
21529.4512
21108.1875
21742.2402
21026.9102
21715.3262
21151.6289
20151.4922
20510.6992
20367.2617
20309.3945
20575.3535
20068.8789
20893.5078
19672.2168
21328.5625
19161.6250
18412.3027
21434.1406
17237.1641
23102.2402
15577.1758
24966.1055
15507.8164
22857.5117
18888.4258
18373.1484
17776.8711
21484.0977
16522.1719
20980.6055
18224.8438
18572.8418
20121.1426
17597.4102
20307.6934
18014.2070
17530.0430
19122.5508
18229.0781
18294.8281
18877.9668
17838.2539
19143.8164
17696.9844
19241.2246
17715.2383
17331.0273
18908.8242
17050.2676
19276.2500
16565.0566
20071.8945
15566.7881
21677.6367
14117.0059
22926.8320
22386.1328
14376.1328
19430.2930
18492.1914
15632.4932
20108.1094
16582.7656
17597.6406
18823.5234
16435.7188
16164.1738
18723.2891
16879.0234
17347.1680
18025.7090
16729.5547
18135.1914
16932.9082
17780.8828
17375.9023
17216.1289
17192.8555
17507.5996
16973.1934
17677.7695
16793.7734
18033.9512
16212.0410
19308.1641
14163.4658
14056.2930
24056.9883
10957.6562
21715.5723
17985.7793
13850.1484
20937.4863
16624.1816
15549.4473
19354.3398
19187.9297
16155.4414
16641.4531
18325.4160
16256.6172
17208.6328
17632.5781
16483.6445
17443.1484
17181.1797
17115.2500
16692.8516
17429.5215
16785.4492
17091.6875
17159.5469
16845.5547
17281.2793
16823.7812
17177.5000
17135.1621
16911.5430
17020.6953
17012.0469
16945.0781
17050.5098
16955.5938
17015.8086
16993.6445
17002.7812
16974.6016
17014.7539
16848.7090
17129.9492
16653.3301
17524.2188
15835.7510
19529.7324
12348.7695
26395.2227
26013.4316
12525.3027
16632.4180
20631.2070
15583.2285
16251.3613
18714.1992
16771.2695
16459.8438
17786.1777
17635.2383
16875.8965
16615.6094
17288.3359
16934.0000
16786.0664
17132.6113
16940.0996
16863.2422
17096.4258
17051.3848
16828.9297
16894.9688
16962.7227
16858.2930
16924.7734
16898.4453
16936.4883
16903.0664
16908.2930
16898.5957
16931.4648
16835.2969
16967.1055
16849.6133
16868.0938
17040.2188
16694.3711
17055.5762
16803.9531
16799.4980
16927.3164
16902.8320
16838.1367
16978.8730
16744.1992
17043.4141
16678.3848
17142.3008
16510.6484
16508.5684
17519.0527
15817.4688
18640.7656
14081.6777
22107.2383
11331.4346
21819.1777
9418.9219
27501.1133
27043.6855
13756.1758
17507.2031
16997.1387
16694.6035
18013.9492
15660.4902
19603.3789
14394.0322
18088.2539
17922.2734
17678.3535
15651.1406
17363.8203
17373.3555
16285.7158
17116.8438
17161.0801
16530.9805
17080.5703
17033.3594
16896.0762
16651.5840
17018.4180
16752.3008
16870.0547
16849.7754
16762.6445
16923.5176
16779.2188
16773.4609
16881.5508
16801.8359
16829.9531
16851.8477
16720.2695
16954.8867
16528.1367
17175.6133
16033.5410
16030.1201
18790.5664
12927.0977
25277.5156
9522.5703
19107.7715
19222.3281
13041.4434
19840.9590
16537.2285
16536.0977
15284.0381
18812.7656
15686.3418
16710.3691
17697.9609
15772.8750
17534.1094
16554.2070
16620.0781
16619.1543
17286.7031
16149.9775
17534.5430
15942.0195
17787.1367
15524.4180
18578.0820
14269.5645
21110.8945
21025.0586
11182.8037
24381.0840
12427.3154
17499.2656
19160.2188
13642.3818
19486.6074
15795.1074
16130.2285
16068.9141
18484.4102
14899.6816
18286.9883
15829.4678
17012.7266
17009.5586
16044.6816
17840.8535
15192.1348
15171.0820
19338.2617
12988.8389
22996.7422
10553.8271
23017.1914
13759.0020
16449.9492
18788.7266
13706.2500
13691.5801
20799.7129
13500.1943
18975.9336
15563.5820
16807.4883
17401.3555
15361.8184
18796.8164
13647.1953
13644.4512
22068.6328
10878.4541
24559.2500
11558.0537
19477.6895
16778.5039
14486.4551
19993.2188
13182.6074
13180.9980
21036.0918
9199.6904
35715.5625
7814.8994
11921.4287
25194.0742
15859.3467
13038.2275
19835.9336
19620.8828
16039.6338
15139.8223
18242.3926
15661.5674
16561.3359
17037.9336
15965.0410
17104.7188
16023.7275
15991.5410
16997.4473
15890.6426
17120.0703
15536.8770
17560.4453
14686.5635
18972.8008
12838.0957
23440.7129
23264.1738
9099.1172
23574.3359
13192.6660
17415.4668
17090.4102
14708.4033
19137.3008
13015.4707
21705.0430
21690.0449
10691.9941
23970.0391
11850.4590
19706.2832
15221.3506
16286.9922
16681.2812
15537.0332
17358.1445
17290.5801
14224.6084
19475.6230
11624.7705
24713.4102
6531.5146
28334.0996
8620.8848
20813.8652
15332.6904
15301.2129
15206.4160
17961.2227
13305.5508
20634.2812
11104.6816
24365.5898
9665.2910
24083.1855
7642.7197
7360.8857
27247.2754
13364.7979
15662.8740
19138.3750
12474.3828
21880.9062
11324.5146
23001.8066
11208.0879
11167.6660
23542.7695
11279.4541
21520.4844
12370.8926
20065.8359
12791.2031
20036.3301
12017.5195
22175.8965
21415.4824
10069.0918
24616.4629
11478.9102
20625.9297
12196.4648
20368.9395
11542.8555
21933.7891
10541.2637
10242.1406
24355.4219
11477.8457
20594.8984
11528.0117
21399.0352
10496.1133
23065.0469
10716.5293
22399.5273
22027.8164
10449.4551
22494.4883
11566.1309
20656.7578
10978.9629
21936.4629
10748.5996
22121.8105
11052.0918
10756.2441
22332.9238
10686.9863
21764.0703
10505.1543
21959.5195
10194.7754
22400.9277
10288.2285
22065.4824
21754.4023
9656.4033
23245.9199
10893.2051
20848.6328
10723.4482
21244.5195
10220.9932
22078.3535
10226.0029
9892.4678
23073.4902
9995.7217
21877.3789
9980.0283
21849.1445
9728.9062
22310.7773
9483.7637
22565.5332
22191.3887
8959.4668
23447.2207
10102.8398
21322.1250
10107.5674
21238.5547
9182.8232
22468.6211
9366.3242
8983.7881
24429.2891
8666.8457
23550.2676
9145.2266
22725.6074
9068.4297
22258.2539
9140.4043
22066.1855
21713.4961
8344.9707
22335.1289
9442.2734
21373.8555
9535.5566
21092.7734
9226.5273
21749.6367
9070.0449
8711.8652
23540.6406
8432.3848
22017.1602
8643.9297
21681.1387
8529.4902
21632.3672
8399.8623
21498.0078
21181.0586
7705.6191
20804.4414
9030.5898
20457.4141
9201.9746
20168.9355
9151.7871
19965.5469
8981.4980
8635.6572
21329.8027
8120.6343
20346.8145
8248.2578
20156.3398
8269.0459
20049.7695
8194.0352
19813.5430
19601.9883
7497.3008
19157.2344
8634.9434
19091.6094
8785.5693
18959.5898
8422.8877
19019.7266
8283.7920
7980.2686
20043.8984
7773.6152
19090.0352
7935.4658
18783.5410
7999.6406
18633.5156
7965.0552
18520.6348
18330.8555
7166.4966
18095.6250
8200.3057
17882.3457
8290.8086
17901.7676
8179.8472
17932.4805
8006.0889
7764.7910
18572.0020
7789.1978
17961.3672
7732.9795
17941.1113
7678.9761
17817.4805
7659.2534
17731.1836
17556.5859
6936.9155
17125.9922
7602.5488
17082.5234
9346.0664
13799.9395
10880.5576
11948.1641
11847.5469
11786.9971
11337.2490
11660.9609
11319.5537
11685.1826
11172.5840
11331.5791
11132.8828
11259.1348
10979.0527
10910.0117
11236.1035
10751.2246
10958.4707
10817.4688
10892.4473
10526.2939
11116.8574
10247.3516
11025.7266
11007.6602
10013.3037
11365.7236
10248.4814
10600.3936
10070.5361
11049.2422
9442.2500
11789.3252
10310.2520
10298.8809
10461.0576
9821.1299
11178.3379
9292.1924
11613.2051
10140.2871
10344.0312
9793.9199
10847.3555
10843.4775
9157.3047
11368.8730
10256.9102
9342.3926
10856.2549
9639.4141
10346.1826
9800.0146
10559.5996
10558.4688
9004.3965
11310.9629
10055.0078
9878.3232
10225.2734
9683.4297
10123.5020
9988.2402
10026.9648
10023.0752
9991.1611
10018.0225
10038.0918
9861.7285
9995.2227
9999.1406
9488.8545
10802.8613
8612.0059
8592.1270
11442.4668
9735.8340
9837.9980
9878.2559
10019.4102
9712.1172
10105.7236
9486.2246
10368.3457
10351.6406
8972.8867
11302.7295
9181.8779
10450.1113
9514.1973
10212.7227
9632.1182
10120.1895
9718.3643
9715.8555
10012.2031
9642.7305
10179.0977
9345.7656
10667.5703
9316.6123
10302.5996
9479.2109
10172.3652
10171.1416
9147.2803
10768.1953
9418.8379
10271.0068
9283.3408
11009.7646
8829.4883
10845.0967
9652.5410
9651.4521
10158.2861
9976.7197
9817.5488
9760.9668
9889.6270
9787.6826
10041.2539
9401.9531
10309.9893
10307.0527
8795.2129
11216.1670
9233.3447
10497.0723
9398.2363
10243.8965
9509.4316
10290.5439
9217.3105
9210.0322
10562.2959
8878.6289
11111.9229
9647.0303
9571.1709
10156.7490
9330.4170
10542.7793
9424.9121
9423.3965
10618.7744
8967.4629
11166.1836
9148.2832
10604.5703
9618.0127
10030.0195
9598.2900
9979.8398
9978.3242
9458.1602
10195.3457
9224.8379
10975.2734
8742.1689
11182.5039
8977.2500
11160.8711
9079.7441
9075.2285
10780.3945
9606.9336
9867.5000
9642.0537
9947.7031
9935.3125
9621.2520
9918.4834
9591.1562
9589.2988
10241.3564
9149.2432
10730.6621
8984.9961
10980.5430
9181.4443
10722.6367
9404.7500
10254.5010
10250.4004
8943.9365
11086.3867
8978.7061
10957.1455
9075.8584
10959.9072
9424.4668
10198.4795
9674.3877
9672.4355
10082.6670
9513.5020
10257.1875
9518.6182
9991.7793
9458.1230
9980.1729
9711.5625
9850.0879
9850.4229
9537.1914
10084.3984
9272.2520
10295.8848
9103.4180
10625.7012
8810.3516
10911.4170
9104.7285
9101.6699
10604.9805
8934.7969
11300.9424
9172.9336
10516.9746
9561.2607
10163.1875
9221.8213
10488.0977
10478.1953
8812.2900
11210.4473
9004.9814
10952.9297
9496.5195
9760.3145
9698.3428
10128.0215
9308.0938
9302.8242
10377.5361
9461.5488
10494.6611
9517.9277
9858.0996
9916.6230
9357.8828
10452.1816
9163.8633
9161.8711
10127.2090
9399.0400
10317.4395
9172.2080
10440.7520
8995.2305
10848.2383
8861.2021
11025.1797
11001.9375
8548.3379
10869.4873
8776.9531
11029.7188
9601.6875
10006.7822
9833.1191
9648.7373
10097.0811
10094.6055
9177.6562
10513.4219
9412.6885
10108.2676
9563.2539
10046.1641
9522.1729
10102.1260
9367.0527
9361.0723
10209.5820
9457.4873
10034.9922
9357.5488
9899.9082
9728.0938
9835.5449
9681.4346
9872.2051
9871.4395
9549.6406
10140.7158
9524.1582
9962.0215
9476.8174
9955.8828
9573.6689
9847.9463
9562.1445
9560.9219
10104.7725
9362.1816
9953.6543
9668.8926
9475.9160
10182.8086
9253.5186
9756.0684
9801.8691
9801.6367
9870.9736
10057.9463
8929.1562
9593.6523
10147.9209
9225.6602
10071.5234
9125.0889
10036.7803
10037.1143
9046.1172
9822.3340
9857.2021
10091.2109
9023.7188
9919.1543
10070.8848
9379.9023
9841.5225
9840.9395
9764.9551
9829.9883
10018.2520
9526.5098
9663.4092
9939.5596
9931.3105
9563.6172
9738.9756
9738.8760
9405.7852
9998.9346
9796.1094
9705.1719
9934.5693
9743.7988
9521.2305
9885.9014
9727.4766
9727.8076
10081.7725
9614.1797
9873.7930
9951.9414
9728.5176
9713.0586
10055.9053
9918.7305
9562.1709
9561.8506
9970.1904
9541.6328
10230.6172
9579.9941
9928.6689
9868.2695
9593.3223
9961.4004
9752.2910
9752.0840
9642.9180
10062.2363
9505.3613
9908.1914
9996.0801
9800.1406
9513.6445
10312.9473
9918.9746
9919.2090
9896.8730
9880.3945
9557.2266
10129.7256
9450.6289
10144.5781
10005.7979
9963.8896
9578.3096
9577.1357
10256.4609
9339.3760
10562.3711
9441.1592
10297.5137
9474.4199
9977.8906
9413.3623
10422.6162
10418.0176
8629.3936
11177.7627
9633.5312
9776.1416
9748.7764
9928.2305
9884.8789
9500.0469
10193.0605
10192.0176
9725.1992
10042.0059
9288.7969
10378.1660
9163.4629
10564.0576
9520.1953
9624.5059
9929.8213
9928.8867
9896.2627
9579.6641
9839.4297
9480.0645
10530.8291
9156.8486
10556.0547
9160.1250
10191.3223
10191.4746
9173.2744
9975.0566
9911.4756
9645.2354
9676.7422
9958.0215
9722.5586
9869.6582
9714.6562
9713.5947
9759.9785
9870.2520
9541.5557
9826.9814
9650.7910
9687.4512
9599.9248
9543.7041
9957.7881
9956.9590
9568.8018
10042.6475
10079.3945
9677.4727
9919.7344
9602.4434
10178.1094
9265.1836
10470.8232
10468.5781
8757.0371
10397.4395
9293.1846
10316.8359
9594.3691
9755.6289
9682.7842
9678.3086
10090.1855
10088.8643
9319.5098
10232.8770
9316.4141
10312.8262
9130.7871
10161.5762
9661.3682
9516.5605
9738.3135
9736.6221
9791.8721
9518.4004
9809.3828
9963.1602
9659.2031
9940.1797
9933.1338
9552.2969
9483.9385
9482.9932
10260.2793
9639.1543
9601.2646
9647.4668
10014.6719
9568.2070
9628.2217
10277.6055
9707.9170
9707.4238
9790.3789
9538.8320
9773.2930
9953.5508
9278.3809
10172.1084
9470.3945
9768.7090
9838.2793
9838.1074
9362.9785
10238.4648
9504.1709
10047.3203
9347.3320
10830.3906
9214.3506
9909.6855
9678.8750
9679.0762
9828.7676
9800.0781
9923.0723
9658.6836
9571.6250
10126.8203
9386.1992
10103.3145
9345.1963
9343.5605
10412.0742
9505.1797
10156.7363
9667.8506
9183.4727
10860.1055
9728.0420
9659.5752
9626.5078
9625.8438
9671.2266
9970.7461
9669.3906
9813.3174
9584.8828
10087.0605
9469.4844
9450.0020
9978.1299
9976.1621
9164.8291
10601.9648
9529.5508
9486.2969
10369.5117
9411.3770
9627.8770
9780.4092
9431.2256
9429.4395
10593.0479
9404.4336
10013.4932
9653.2578
9629.5420
9735.9707
9448.9639
9699.3535
9426.9033
9426.1172
10433.9004
9502.0586
9938.4531
9552.4902
9262.7617
10862.9424
9601.5947
9397.2266
10050.6641
10048.4512
9617.6475
9666.7324
9511.9795
9613.3545
9919.7461
9513.3613
9319.2676
10561.4531
9636.6445
9635.5957
9409.9609
9851.9414
9654.4287
9586.8184
9949.7520
9576.8271
9507.3672
10000.9658
9426.1006
9424.7979
10310.6523
9543.1025
9497.7305
9880.4883
9361.9248
10041.7480
9355.1172
9638.0420
9710.3486
9709.9473
9191.4863
10134.9785
9614.2637
9258.6641
10235.2959
9547.1367
9486.0869
9673.9180
9611.4795
9611.5801
9676.0156
9309.0693
10259.0645
9270.3242
10319.6953
9428.7725
9916.0801
9412.2715
9322.4678
9321.5605
9985.0508
9635.8320
9534.1689
9741.3906
9666.9180
9296.5645
9910.7617
9684.8115
9205.8555
9204.9736
10948.5762
9273.0918
10007.8613
9584.7344
9479.6660
9995.9844
9357.3506
10035.6055
9152.7295
9152.7451
10344.7500
9230.8047
10240.2520
9068.4072
10563.4570
9272.4619
9860.6289
9381.9707
9845.1592
9841.6191
9331.0977
10176.8887
9536.6064
9608.0449
10009.1777
9479.7344
9725.5547
9660.3359
9276.9395
9274.5635
10377.7598
9618.3320
9123.9131
10471.3457
9200.8984
10106.4375
9530.4297
9271.6484
10077.6113
10072.1445
9311.4297
9754.6094
9386.5049
9932.0352
9680.8857
9265.2139
10319.9736
9414.4961
9409.2432
9406.0303
10065.5000
9426.5283
9760.9287
9295.7715
10339.9326
9638.9521
9393.9170
9619.5879
9517.7666
9516.9453
9959.4873
9435.0996
9600.9033
9794.3027
8971.0361
10143.7012
9598.7568
9280.5830
10254.4453
10249.8945
9033.4512
10082.7754
9686.4004
9504.1650
9412.6787
9928.9365
9502.6748
9585.2852
9839.6748
9838.3936
9576.4277
9445.3623
9796.0674
9448.5762
9530.5664
9971.4746
9710.4619
9339.9248
9783.2979
9783.7070
9183.0537
10087.3848
9406.8887
9587.7559
9521.7148
9621.6426
9439.4170
9916.9492
9358.5625
9356.7324
9630.7188
9861.0000
9178.7158
10110.4512
9329.4121
10017.8262
9147.0361
10063.9072
9445.2793
9444.1289
9859.0312
9405.4648
9663.1367
9610.6992
9523.5869
9113.0498
9265.4482
10623.8193
8762.7178
8757.9307
9671.4492
9636.3457
9787.1953
9676.0283
9392.4219
9624.3330
9480.6445
9895.9102
9615.2217
9608.5283
9626.3125
9724.5859
9526.9609
9430.4102
9408.8340
9976.6270
9846.8887
9444.7109
9798.4238
9796.9268
9075.1211
10703.0039
9653.8789
9314.9199
9862.3203
9662.8711
9449.2188
9229.0000
10429.5361
10425.8301
9089.8066
9666.0186
9709.3984
9514.8545
9849.7881
9514.7803
9620.6475
9590.6084
9347.2510
9338.0566
10078.1250
9634.5781
9290.2432
9899.1074
9637.3750
9326.1064
9768.2539
9295.1943
9699.4658
9698.2715
9433.1582
9691.6973
9731.2383
9337.2285
9870.4775
9476.4062
9779.0254
9316.6318
9861.0264
9860.7715
9679.8691
9463.6064
9311.2607
10278.4326
9177.3086
10365.7910
9478.7295
9423.3906
9856.3086
9856.4531
9505.8652
9516.7305
9871.2930
9250.2783
10239.6924
9382.1230
9868.5879
9602.1855
9240.2129
9236.3975
10139.5156
9483.3340
9275.2139
9895.8779
9303.1348
10226.6133
9094.9131
9795.0439
9862.8008
9860.9355
9059.6270
10137.5566
9349.0996
9933.5586
9468.4688
9213.9258
10104.3379
9328.4609
9836.9561
9837.0850
9536.2422
9235.4902
9894.8975
9824.9473
9402.2363
9785.0820
9548.6436
9819.6055
9526.0283
9524.1113
9910.4395
9297.8789
9492.7627
9642.9043
9397.8535
10070.1855
9035.7861
10610.9072
9062.0195
9058.8047
10350.1035
9615.6787
9662.0654
9575.3789
9688.6660
9371.5068
10146.1514
9301.4326
9979.3896
9973.6035
9098.1592
10082.6934
9671.5488
9458.1797
9109.8486
10554.1758
9545.7480
9571.7598
9654.9316
9650.7256
9616.2607
9732.1191
9491.6807
9632.7725
9332.4512
9549.9551
9392.6338
10038.2324
9318.9355
9316.8984
10050.9219
9127.6709
10060.4355
9620.5977
9272.6504
10030.3584
9234.6660
10198.1670
9338.3027
9338.7295
10180.6074
9722.0000
9165.9795
9801.2031
9360.6934
9627.4609
9296.0957
9840.3193
9584.2500
9582.5830
9006.8477
10132.4004
9530.5254
9251.8184
9824.4258
9327.2227
10030.8945
9290.5195
9839.2578
9838.8652
9340.0215
9628.2793
9394.5107
9461.9863
10006.4834
9051.1152
10188.8203
8957.1270
10526.8271
10523.4316
8592.4775
10459.4453
8893.8711
10634.4473
8799.8955
10234.6875
8979.2979
10027.6660
8988.0625
8970.9893
10545.2002
8522.9326
9519.2910
10189.4111
8817.1309
9662.8418
9803.7354
9499.3721
9733.5312
9724.3867
9117.5918
9774.3613
9545.9492
9643.8555
9362.6162
9781.4004
9801.5117
9097.2832
9737.0166
9736.5088
9293.5996
9822.8818
9373.9844
9458.2695
9727.1582
9074.6270
9695.7627
9509.7666
9347.0771
9345.1133
9732.2354
9265.1016
9793.6113
9715.1992
9413.6377
9670.3037
9296.2021
9920.8916
8838.1250
8833.8281
10757.1807
8858.8994
9448.3887
10020.7061
9203.7109
9766.2295
9670.2021
9078.4326
9740.9854
9735.1035
9052.2607
9634.0781
9528.2676
9443.3896
9660.3428
9409.2061
9538.1787
9594.2070
9477.4980
9476.2949
9519.3818
9513.1699
9742.1289
9486.4766
9581.4277
9393.4258
9885.3281
9248.1934
9781.9336
9781.4277
9155.1289
9895.1426
9160.0518
9842.8428
9119.8242
10087.9463
9202.2539
9691.6016
9546.6475
9545.7988
9544.6641
9541.0693
9631.3613
9729.9902
9192.9199
9934.4717
9288.5918
9648.6045
9893.8311
9893.1699
9050.2881
9355.7822
10344.7070
9080.8643
9457.8555
9944.7764
9297.1152
9915.5518
9290.1680
9286.8945
10009.9707
9629.5195
9740.3369
9315.4512
9904.0098
9291.3535
9981.9141
9276.0400
9481.7021
9480.3682
9801.9951
9284.4336
9682.5391
9634.9766
9460.1992
9711.7090
9647.6309
9331.7754
9487.0215
9486.6865
9874.4678
9097.7949
10581.7051
9282.5234
9437.4160
9603.4072
9822.5703
9216.4785
9849.5127
9848.6094
9189.5078
9516.1270
9316.2520
10013.8809
9567.8652
9247.5234
9811.9453
9535.7080
9759.5625
9758.9219
9163.7988
9917.1250
9553.3564
9543.0889
9435.5596
9680.5771
9139.1104
10056.6963
9630.3828
9629.9971
9306.5684
9891.4453
9329.0928
9564.7012
9630.0586
9802.3984
9330.5957
9554.7979
9303.9121
9303.9941
10368.1299
9206.8740
9384.0713
9999.7832
9465.8418
9682.4004
9406.2031
9921.7578
9592.4961
9591.9072
10009.7363
9828.6582
9474.2207
9375.9609
9530.0967
9320.6074
9883.7969
9520.9199
9355.5098
9353.8965
9688.5479
9917.0176
9509.0293
9204.9424
10207.9395
9425.2266
9443.2832
9680.2627
9570.4668
9569.7002
9602.8066
9301.3584
9460.4756
9773.9082
9011.9346
10247.1387
9604.6367
9378.3418
9315.5703
9314.6621
10020.5625
9613.7715
9396.0176
9502.9932
9292.5342
10124.5586
9231.1055
9704.8955
9352.8779
9354.0215
9885.9785
9552.3955
9125.8955
10019.0508
9374.5977
9404.3926
9730.2266
9548.8262
9352.6973
9352.0469
9901.9766
9070.8848
10513.1641
8875.1797
10592.5703
9032.6289
9554.9512
9541.1074
9373.1738
9372.9756
9969.5703
9421.2285
9531.6885
9515.0381
9515.2656
9337.4844
9507.9766
9424.3545
9574.6270
9574.7568
9483.4785
9042.3682
10241.0635
9676.9346
9196.7090
10026.6240
9533.9688
9281.2480
9580.3516
9579.7734
9631.9375
9654.7256
9264.2432
9807.2383
9212.3271
10097.5342
9244.2168
9706.5684
9293.5586
9292.9941
9823.0664
9312.0957
9728.8203
9788.8564
9396.1592
9733.8428
9518.0557
9398.8281
9566.8633
9565.7754
9363.1484
9961.7598
9243.5605
9543.9170
9424.0771
9385.5996
9897.1992
9114.4775
9689.9229
9689.7842
9091.7188
10248.3398
9863.5225
9157.7979
9555.1807
9676.4355
9327.2158
9220.4385
10053.3135
10052.0918
9427.9590
9259.8242
9688.3242
9527.7109
9512.8555
9620.4590
9488.2305
9801.9316
9243.2021
9237.8379
9915.3105
9670.2236
9072.3906
10132.0977
9246.9316
9702.5352
9459.7354
9278.1680
9560.5381
9559.4307
9165.5947
9960.1631
9192.0615
9989.0801
9252.2344
9784.3682
9392.7109
9593.2402
9662.7324
9663.1787
9235.7676
9830.9023
9654.2324
9032.1055
10360.7441
9496.3320
9432.2529
9453.6797
9658.0547
9657.6172
9090.1328
10480.2949
9567.0566
9242.7891
9583.7773
9686.9434
9376.0615
9772.9678
9333.9580
9259.8242
9259.8242
9259.8242
9259.8242
9259.8242
9259.8242
9259.8242
9259.8242
9259.8242
9259.8242
9259.8242
9259.8242
9259.8242
9259.8242
9259.8242
9259.8242
9259.8242
9259.8242
9259.8242
9259.8242
9259.8242
9259.8242
9259.8242
9259.8242
9259.8242
9259.8242
9259.8242
9259.8242
9259.8242
9259.8242
9259.8242
9259.8242
9259.8242
9259.8242
9259.8242
9259.8242
9259.8242
9259.8242
9259.8242
9259.8242
9259.8242
9259.8242
9259.8242
9259.8242
9259.8242
9259.8242
9259.8242
9259.8242
9259.8242
9259.8242
9259.8242
9259.8242
9259.8242
9259.8242
9259.8242
9259.8242
9259.8242
9259.8242
9259.8242
9259.8242
9259.8242
9259.8242
9259.8242
9259.8242
9259.8242
9259.8242
9259.8242
9259.8242
9259.8242
9259.8242
9259.8242
9259.8242
9259.8242
9259.8242
9259.8242
9259.8242
9259.8242
9259.8242
9259.8242
9259.8242
9259.8242
9259.8242
9259.8242
9259.8242
9259.8242
9259.8242
9259.8242
9259.8242
9259.8242
9259.8242
9259.8242
9259.8242
9259.8242
9259.8242
9259.8242
9259.8242
9259.8242
9259.8242
9259.8242
9259.8242
9259.8242
9259.8242
9259.8242
9259.8242
9259.8242
9259.8242
9259.8242
9259.8242
9259.8242
9259.8242
9259.8242
9259.8242
9259.8242
9259.8242
9259.8242
9259.8242
9259.8242
9259.8242
9259.8242
9259.8242
9259.8242
9259.8242
9259.8242
9259.8242
9259.8242
9259.8242
9259.8242
9259.8242
9259.8242
9259.8242
9259.8242
9259.8242
9259.8242
9259.8242
9259.8242
9259.8242
9259.8242
9259.8242
9259.8242
9259.8242
9259.8242
9259.8242
9259.8242
9259.8242
9259.8242
9259.8242
9259.8242
9259.8242
9259.8242
9259.8242
9259.8242
9259.8242
9259.8242
9259.8242
9259.8242
9259.8242
9259.8242
9259.8242
9259.8242
9259.8242
9259.8242
9259.8242
9259.8242
9259.8242
9259.8242
9259.8242
9259.8242
9259.8242
9259.8242
9259.8242
9259.8242
9259.8242
9259.8242
9259.8242
9259.8242
9259.8242
9259.8242
9259.8242
9259.8242
9259.8242
9259.8242
9259.8242
9259.8242
9259.8242
9259.8242
9259.8242
9259.8242
9259.8242
9259.8242
9259.8242
9259.8242
9259.8242
9259.8242
9259.8242
9259.8242
9259.8242
9259.8242
9259.8242
9259.8242
9259.8242
9259.8242
9333.9580
9259.8242
9259.8242
9259.8242
9259.8242
9259.8242
9259.8242
9259.8242
9259.8242
9259.8242
9259.8242
9259.8242
9259.8242
9259.8242
9259.8242
9259.8242
9259.8242
9259.8242
9259.8242
9259.8242
9259.8242
9259.8242
9259.8242
9259.8242
9259.8242
9259.8242
9259.8242
9259.8242
9259.8242
9259.8242
9259.8242
9259.8242
9259.8242
9259.8242
9259.8242
9259.8242
9259.8242
9259.8242
9259.8242
9259.8242
9259.8242
9259.8242
9259.8242
9259.8242
9259.8242
9259.8242
9259.8242
9259.8242
9259.8242
9259.8242
9259.8242
9259.8242
9259.8242
9259.8242
9259.8242
9259.8242
9259.8242
9259.8242
9259.8242
9259.8242
9259.8242
9259.8242
9259.8242
9259.8242
9259.8242
9259.8242
9259.8242
9259.8242
9259.8242
9259.8242
9259.8242
9259.8242
9259.8242
9259.8242
9259.8242
9259.8242
9259.8242
9259.8242
9259.8242
9259.8242
9259.8242
9259.8242
9259.8242
9259.8242
9259.8242
9259.8242
9259.8242
9259.8242
9259.8242
9259.8242
9259.8242
9259.8242
9259.8242
9259.8242
9259.8242
9259.8242
9259.8242
9259.8242
9259.8242
9259.8242
9259.8242
9259.8242
9259.8242
9259.8242
9259.8242
9259.8242
9259.8242
9259.8242
9259.8242
9259.8242
9259.8242
9259.8242
9259.8242
9259.8242
9259.8242
9259.8242
9259.8242
9259.8242
9259.8242
9259.8242
9259.8242
9259.8242
9259.8242
9259.8242
9259.8242
9259.8242
9259.8242
9259.8242
9259.8242
9259.8242
9259.8242
9259.8242
9259.8242
9259.8242
9259.8242
9259.8242
9259.8242
9259.8242
9259.8242
9259.8242
9259.8242
9259.8242
9259.8242
9259.8242
9259.8242
9259.8242
9259.8242
9259.8242
9259.8242
9259.8242
9259.8242
9259.8242
9259.8242
9259.8242
9259.8242
9259.8242
9259.8242
9259.8242
9259.8242
9259.8242
9259.8242
9259.8242
9259.8242
9259.8242
9259.8242
9259.8242
9259.8242
9259.8242
9259.8242
9259.8242
9259.8242
9259.8242
9259.8242
9259.8242
9259.8242
9259.8242
9259.8242
9259.8242
9259.8242
9259.8242
9259.8242
9259.8242
9259.8242
9259.8242
9259.8242
9259.8242
9259.8242
9259.8242
9259.8242
9259.8242
9259.8242
9259.8242
9259.8242
9259.8242
9259.8242
9259.8242
9259.8242
9259.8242
9259.8242
9259.8242
9259.8242
9259.8242
9333.9580
