7761.9062
6929.8965
4279.8433
4739.0698
4967.6406
5019.4043
4965.4624
5209.2832
4914.5376
5133.0200
5025.6025
5024.4663
3563.7817
3575.3474
3693.2490
3644.9468
3868.2031
3523.4297
3875.0845
3844.9590
3673.6648
3918.4727
3456.0984
3160.9180
3270.1533
3370.2651
3435.8411
3329.7083
3245.5679
3669.2173
3414.4668
3537.1453
3418.2754
3242.5425
3551.0237
3445.6738
3455.4956
3568.5525
3638.8494
3704.6040
3647.0991
3682.8318
3641.7065
3710.5366
3548.0378
3773.5466
3614.5791
3784.3196
3776.5261
3746.0239
3755.3025
3801.6919
3782.6882
3702.1670
3681.7861
3797.5044
3723.2124
3635.1606
3730.9385
3788.0977
3721.9626
3638.5559
3626.2727
3967.6953
3655.5110
3748.0510
3728.1714
3741.3306
3889.4775
3633.9089
3942.6812
3722.2307
3677.9849
3728.4475
3682.8218
3765.0496
3926.0327
3666.3784
3805.8315
3745.7393
3936.4636
3730.9746
3751.4426
3786.7466
3827.4888
3724.0386
3776.5762
3936.0898
3723.4541
3774.3120
3834.1587
3931.2217
3908.9214
3795.3560
3707.9397
3855.4202
3883.6924
3876.8013
3813.8291
3872.4226
3870.4644
3851.8770
3875.6624
3857.3101
3868.3816
3861.5178
3912.3669
3876.7444
3840.8315
3849.9312
3831.1431
3818.2935
3876.5105
3853.3345
3877.8301
3868.0073
3840.8877
3828.6948
3853.6982
3874.9526
3890.9285
3870.6250
3850.7095
3875.6143
3868.3535
3863.2456
3879.9504
3860.1345
3865.4360
3906.7109
3881.1348
3858.9976
3891.0312
3867.8452
3878.5200
3866.8911
3868.0977
3888.7615
3871.4399
3863.0693
3845.0088
3838.3210
3860.4761
3844.8289
3859.8706
3858.9309
3852.5144
3883.2734
3859.6396
3859.1392
3877.5911
3870.5381
3864.8416
3903.2109
3865.8428
3851.5715
3829.6304
3887.9761
3859.1575
3880.3259
3864.2136
3931.9070
3871.2964
3894.3579
3839.7854
3882.2786
3869.2251
3863.7012
3853.9839
3831.9565
3817.0674
3850.7974
3883.7031
3892.2937
3916.5210
3875.1438
3846.9028
3837.1895
3835.9666
3860.3931
3845.8191
3848.8682
3857.2739
3885.5454
3854.6108
3843.5950
3886.2207
3854.7256
3837.6836
3837.6133
3866.8552
3884.6284
3884.3896
3864.3159
3862.1812
3871.5344
3861.4863
3866.3774
3861.5315
3873.7627
3840.6748
3879.9155
3840.1992
3853.1770
3910.1643
3898.1431
