15.4724,13.3308
12.2436,10.1034
12.2436,10.1034
16.0843,13.9422
11.4183,9.2783
14.6708,12.5297
11.9321,9.7920
15.0478,12.9061
11.6756,9.5355
14.8866,12.7453
11.8280,9.6881
15.0471,12.9057
15.0471,12.9057
11.6295,9.4895
14.7585,12.6171
11.9145,9.7745
15.1270,12.9855
11.7428,9.6029
14.9573,12.8159
11.8180,9.6780
15.0456,12.9039
11.7971,9.6570
11.7971,9.6570
15.7001,13.5584
11.6615,9.5216
14.8678,12.7263
11.8972,9.7572
15.1109,12.9693
11.7948,9.6549
14.9851,12.8436
11.8415,9.7013
15.0306,12.8891
15.0306,12.8891
11.7368,9.5966
14.8445,12.7032
11.9003,9.7601
15.0824,12.9407
11.8160,9.6758
15.0175,12.8761
11.8634,9.7233
15.0500,12.9084
11.8271,9.6869
11.8271,9.6869
15.7273,13.5856
11.7262,9.5859
14.9135,12.7720
11.9484,9.8082
15.1228,12.9812
11.8238,9.6838
14.9629,12.8212
11.8941,9.7540
12.2338,10.0813
12.2436,10.1034
12.2436,10.1034
12.2436,10.1034
12.2436,10.1034
12.2436,10.1034
12.2436,10.1034
12.2436,10.1034
12.2436,10.1034
12.2436,10.1034
12.2436,10.1034
12.2436,10.1034
12.2436,10.1034
12.2436,10.1034
12.2436,10.1034
12.2436,10.1034
12.2436,10.1034
12.2436,10.1034
12.2436,10.1034
12.2436,10.1034
12.2436,10.1034
12.2436,10.1034
12.2436,10.1034
12.2436,10.1034
12.2436,10.1034
12.2436,10.1034
12.2436,10.1034
12.2436,10.1034
12.2436,10.1034
12.2436,10.1034
12.2436,10.1034
12.2436,10.1034
12.2436,10.1034
12.2436,10.1034
12.2436,10.1034
12.2436,10.1034
12.2436,10.1034
12.2436,10.1034
12.2436,10.1034
12.2436,10.1034
12.2436,10.1034
12.2436,10.1034
12.2436,10.1034
12.2436,10.1034
12.2436,10.1034
12.2436,10.1034
12.2436,10.1034
12.2436,10.1034
12.2436,10.1034
12.2436,10.1034
12.2436,10.1034
12.2436,10.1034
12.2338,10.0813
12.2436,10.1034
12.2436,10.1034
12.2436,10.1034
12.2436,10.1034
12.2436,10.1034
12.2436,10.1034
12.2436,10.1034
12.2436,10.1034
12.2436,10.1034
12.2436,10.1034
12.2436,10.1034
12.2436,10.1034
12.2436,10.1034
12.2436,10.1034
12.2436,10.1034
12.2436,10.1034
12.2436,10.1034
12.2436,10.1034
12.2436,10.1034
12.2436,10.1034
12.2436,10.1034
12.2436,10.1034
12.2436,10.1034
12.2436,10.1034
12.2436,10.1034
12.2436,10.1034
12.2436,10.1034
12.2436,10.1034
12.2436,10.1034
12.2436,10.1034
12.2436,10.1034
12.2436,10.1034
12.2436,10.1034
12.2436,10.1034
12.2436,10.1034
12.2436,10.1034
12.2436,10.1034
12.2436,10.1034
12.2436,10.1034
12.2436,10.1034
12.2436,10.1034
12.2436,10.1034
12.2436,10.1034
12.2436,10.1034
12.2436,10.1034
12.2436,10.1034
12.2436,10.1034
12.2436,10.1034
12.2436,10.1034
12.2436,10.1034
12.2436,10.1034
12.2338,10.0813
