4892.3916
2566.3157
2174.5684
4794.6343
1779.5590
3667.2537
2016.7440
3945.1621
1893.7994
3820.7900
1964.0658
3939.0229
3516.4602
1687.3777
3322.7241
1804.4089
3565.8491
1731.5372
3449.2639
1761.6389
3506.1318
1751.9025
1614.6123
3784.8521
1560.0214
3211.2056
1653.1251
3369.6975
1610.8805
3284.1025
1628.6401
3312.2681
3126.5161
1523.6021
3011.7864
1583.7574
3154.8801
1551.3536
3113.3350
1568.2811
3131.5894
1553.9302
1476.3563
3492.4502
1438.7633
2967.8506
1520.0681
3095.3281
1473.0220
2994.9727
1498.3201
2175.0901
2174.5684
2174.5684
2174.5684
2174.5684
2174.5684
2174.5684
2174.5684
2174.5684
2174.5684
2174.5684
2174.5684
2174.5684
2174.5684
2174.5684
2174.5684
2174.5684
2174.5684
2174.5684
2174.5684
2174.5684
2174.5684
2174.5684
2174.5684
2174.5684
2174.5684
2174.5684
2174.5684
2174.5684
2174.5684
2174.5684
2174.5684
2174.5684
2174.5684
2174.5684
2174.5684
2174.5684
2174.5684
2174.5684
2174.5684
2174.5684
2174.5684
2174.5684
2174.5684
2174.5684
2174.5684
2174.5684
2174.5684
2174.5684
2174.5684
2174.5684
2174.5684
2175.0901
2174.5684
2174.5684
2174.5684
2174.5684
2174.5684
2174.5684
2174.5684
2174.5684
2174.5684
2174.5684
2174.5684
2174.5684
2174.5684
2174.5684
2174.5684
2174.5684
2174.5684
2174.5684
2174.5684
2174.5684
2174.5684
2174.5684
2174.5684
2174.5684
2174.5684
2174.5684
2174.5684
2174.5684
2174.5684
2174.5684
2174.5684
2174.5684
2174.5684
2174.5684
2174.5684
2174.5684
2174.5684
2174.5684
2174.5684
2174.5684
2174.5684
2174.5684
2174.5684
2174.5684
2174.5684
2174.5684
2174.5684
2174.5684
2174.5684
2174.5684
2174.5684
2175.0901
