3747.2583
3077.6470
2664.6614
2965.7402
2679.2886
2842.9272
2714.2483
2885.7329
2663.3125
2998.8674
2497.9204
3108.4836
2835.4907
2185.7373
2818.9700
2463.7632
2549.2488
2567.0132
2528.4756
2524.1216
2568.0188
2556.3728
2410.4912
2417.1831
2369.5547
2419.9917
2368.7559
2449.5081
2359.9995
2413.2500
2400.1597
2424.0901
2338.7336
2275.6213
2363.3110
2277.8220
2318.2393
2359.4976
2257.4370
2402.4873
2154.4194
2597.4434
2539.3081
1767.4653
2562.8325
2154.3464
2271.5242
2309.1084
2237.2393
2276.3428
2251.9148
2599.4958
2597.4434
2597.4434
2597.4434
2597.4434
2597.4434
2597.4434
2597.4434
2597.4434
2597.4434
2597.4434
2597.4434
2597.4434
2597.4434
2597.4434
2597.4434
2597.4434
2597.4434
2597.4434
2597.4434
2597.4434
2597.4434
2597.4434
2597.4434
2597.4434
2597.4434
2597.4434
2597.4434
2597.4434
2597.4434
2597.4434
2597.4434
2597.4434
2597.4434
2597.4434
2597.4434
2597.4434
2597.4434
2597.4434
2597.4434
2597.4434
2597.4434
2597.4434
2597.4434
2597.4434
2597.4434
2597.4434
2597.4434
2597.4434
2597.4434
2597.4434
2597.4434
2599.4958
2597.4434
2597.4434
2597.4434
2597.4434
2597.4434
2597.4434
2597.4434
2597.4434
2597.4434
2597.4434
2597.4434
2597.4434
2597.4434
2597.4434
2597.4434
2597.4434
2597.4434
2597.4434
2597.4434
2597.4434
2597.4434
2597.4434
2597.4434
2597.4434
2597.4434
2597.4434
2597.4434
2597.4434
2597.4434
2597.4434
2597.4434
2597.4434
2597.4434
2597.4434
2597.4434
2597.4434
2597.4434
2597.4434
2597.4434
2597.4434
2597.4434
2597.4434
2597.4434
2597.4434
2597.4434
2597.4434
2597.4434
2597.4434
2597.4434
2597.4434
2597.4434
2599.4958
