17.8389,15.8854
10.9006,8.9466
10.8922,8.9403
13.8494,11.9011
13.7518,11.7702
14.5945,12.6212
14.2903,12.3254
13.7428,11.7736
14.3215,12.3620
14.3920,12.4347
14.8507,12.9169
14.6698,12.7477
14.6651,12.7396
14.6235,12.6785
14.7749,12.8498
14.5976,12.6721
14.6509,12.7086
14.6938,12.7609
14.5986,12.6474
14.7034,12.7381
14.7341,12.7934
14.5630,12.6109
14.5666,12.6239
14.7741,12.8291
14.6659,12.7356
14.6512,12.6946
14.7493,12.8226
14.5976,12.6552
14.6226,12.6741
14.6665,12.7240
14.7246,12.7785
14.6011,12.6752
14.6060,12.6484
14.6574,12.7321
14.6145,12.6603
14.6079,12.6718
14.5538,12.6106
14.6431,12.7185
14.4023,12.4516
14.5360,12.5596
14.6815,12.7217
14.5585,12.6179
14.5680,12.6143
14.5597,12.6310
14.4662,12.5091
14.4182,12.4618
14.5326,12.5763
14.6083,12.6694
14.6819,12.7386
14.4039,12.4530
14.3659,12.4113
14.4970,12.5451
14.4975,12.5325
14.4852,12.5408
14.5042,12.5422
14.3409,12.3858
14.3594,12.3985
14.7367,12.7731
14.6472,12.7009
14.4640,12.5078
14.4904,12.5396
14.5537,12.5975
14.5524,12.5944
14.5030,12.5580
14.4734,12.5298
14.3280,12.3804
14.6651,12.7329
14.5823,12.6346
14.4367,12.4940
14.3894,12.4371
14.6946,12.7287
14.4529,12.5175
14.4437,12.5015
14.4162,12.4624
14.6407,12.6686
14.5029,12.5602
14.4996,12.5408
14.5843,12.6187
14.3992,12.4497
14.5492,12.6024
14.4544,12.5002
14.4775,12.5340
14.4705,12.5209
14.5844,12.6173
14.4485,12.4971
14.4188,12.4894
14.4536,12.5100
14.5504,12.5884
14.5477,12.5932
14.5552,12.6057
14.5628,12.6064
14.2705,12.3194
14.2691,12.3191
14.3526,12.4115
14.4643,12.5173
14.6947,12.7358
14.2983,12.3446
14.4916,12.5283
14.5810,12.6302
14.4723,12.5100
14.5839,12.6363
14.4826,12.5064
14.4747,12.5328
14.4691,12.5110
14.4745,12.5264
14.4707,12.5220
14.4732,12.5107
14.4684,12.5201
14.4759,12.5275
14.4608,12.5221
14.4751,12.5142
14.4750,12.5219
14.4726,12.5201
14.4694,12.5076
14.4718,12.5374
14.4708,12.5216
14.4646,12.5298
14.4694,12.5257
14.4764,12.5268
14.4723,12.5103
14.4741,12.5317
14.4728,12.5255
14.4763,12.5189
14.4685,12.5177
14.4759,12.5238
14.4806,12.5271
14.4760,12.5308
14.4720,12.5243
14.4713,12.5148
14.4722,12.5232
14.4733,12.5224
14.4751,12.5170
14.4718,12.5356
14.4687,12.5253
14.4765,12.5173
14.4718,12.5163
14.4697,12.5224
14.4638,12.5157
14.4740,12.5126
14.4753,12.5250
14.4677,12.5265
14.4722,12.5328
14.4710,12.5295
14.4688,12.5345
14.4662,12.5277
14.4697,12.5135
14.4677,12.5085
14.4728,12.5127
14.4632,12.5179
14.4618,12.5237
14.4831,12.5148
14.4652,12.5201
14.4637,12.5272
14.4740,12.5013
14.4687,12.5209
14.4650,12.5252
14.4702,12.5238
14.4596,12.5371
14.4654,12.5188
14.4654,12.5231
14.4756,12.5296
14.4729,12.5228
14.4644,12.5064
14.4719,12.5185
14.4767,12.5108
14.4679,12.5470
14.4757,12.5118
14.4715,12.5308
14.4829,12.5181
14.4651,12.5204
14.4635,12.5219
14.4740,12.5163
14.4697,12.5210
14.4725,12.5143
14.4644,12.5213
14.4662,12.5049
14.4771,12.5169
14.4693,12.5294
14.4655,12.5206
14.4727,12.5185
14.4706,12.5262
14.4585,12.5240
14.4796,12.5151
14.4781,12.5292
14.4760,12.5352
14.4682,12.5181
14.4687,12.5318
14.4706,12.5225
14.4726,12.5144
14.4722,12.5244
14.4666,12.5336
14.4753,12.5155
14.4825,12.5194
14.4730,12.5200
14.4617,12.5284
14.4706,12.5275
14.4662,12.5279
14.4792,12.5222
14.4699,12.5156
14.4769,12.5217
14.4637,12.5252
14.4703,12.5347
14.4688,12.5213
14.4728,12.5244
14.4658,12.5231
14.4682,12.4947
