7161.9507
5388.3931
4056.7991
4431.1646
4470.2119
4338.1743
4516.4902
4449.6865
4357.9883
4312.6626
4519.0356
4445.6289
3575.1672
3672.7148
3588.8494
3573.1550
3564.2300
3699.5146
3668.5034
3608.2432
3437.6899
3660.4370
3537.1025
3299.8081
3412.1479
3492.8625
3355.2092
3342.9849
3535.4404
3308.0837
3523.0413
3359.7219
3333.2195
3562.9072
3370.9009
3331.8818
3310.1624
3323.8362
3495.0486
3503.3882
3344.1675
3407.3508
3433.9424
3179.5737
3305.0969
3399.4805
3318.2056
3309.4719
3266.1904
3354.8936
3185.7324
3411.7896
3393.9424
3289.5352
3248.9761
3297.0330
3305.2461
3304.1333
3425.1208
3205.0320
3205.1182
3334.6577
3350.1367
3217.6147
3173.5718
3326.8201
3231.8882
3285.9739
3282.0425
3091.8237
3133.1199
3275.4717
3261.8428
3293.5249
3316.7776
3268.9258
3033.5938
3168.7246
3187.6636
3189.6528
3170.2483
3048.7004
3139.5220
3329.7124
3323.1680
3212.6187
3297.0254
3176.5461
3391.5767
3248.7500
3183.6709
3252.6582
3154.4939
3114.1646
3310.3965
3039.1333
3234.8176
3065.5930
3237.0586
3052.3965
3115.3113
3159.1904
3203.4258
3254.9048
3240.6519
3212.3281
3274.7598
3260.6541
3238.2075
3266.8418
3249.6951
3229.7180
3236.4919
3273.5498
3283.8711
3171.1602
3187.0005
3305.2222
3268.4983
3198.6089
3246.9878
3219.6165
3245.6714
3254.3750
3236.3591
3246.1733
3230.2803
3245.2729
3221.3523
3256.6914
3187.7603
3251.3667
3252.8906
3249.6870
3243.9795
3211.3794
3245.4097
3206.1641
3236.9004
3276.4355
3243.2842
3225.9541
3224.8855
3268.4446
3236.2100
3248.5176
3212.0532
3235.8589
3254.9915
3242.7036
3242.0552
3223.7671
3225.8750
3217.6028
3270.6638
3236.0259
3261.5649
3220.8030
3213.2866
3228.6648
3274.5283
3219.8604
3266.2153
3259.1499
3261.0532
3258.0991
3237.9143
3229.7078
3272.0889
3237.1860
3234.5562
3248.1475
3249.4839
3282.9514
3287.5691
3196.0498
3257.9771
3219.1431
3258.2981
3235.6772
3281.2939
3226.4546
3277.7793
3284.7297
3227.5044
3239.8765
3218.3765
3214.9810
3244.0703
3254.0505
3272.4390
3224.6865
3260.3745
3275.7898
3236.7644
3259.0957
3273.9302
3214.4739
3231.9829
3312.5864
3238.0854
3274.6963
3244.7344
3253.4268
3289.9602
3204.2920
