29.3564,29.3570
29.3329,29.3573
29.3347,29.3572
29.3358,29.3574
29.3353,29.3569
29.3355,29.3568
29.3357,29.3570
29.3358,29.3575
29.3351,29.3572
29.3355,29.3572
29.3347,29.3570
29.3352,29.3571
29.3361,29.3570
29.3358,29.3571
29.3355,29.3568
29.3351,29.3570
29.3351,29.3568
29.3357,29.3569
29.3360,29.3574
29.3342,29.3571
29.3354,29.3575
29.3356,29.3573
29.3354,29.3571
29.3354,29.3571
29.3364,29.3569
29.3356,29.3570
29.3342,29.3570
29.3358,29.3575
29.3343,29.3569
29.3339,29.3571
29.3350,29.3572
29.3358,29.3570
29.3371,29.3568
29.3333,29.3569
29.3348,29.3571
29.3353,29.3569
29.3360,29.3569
29.3313,29.3570
29.3333,29.3569
29.3344,29.3572
29.3345,29.3570
29.3330,29.3571
29.3340,29.3568
29.3350,29.3572
29.3340,29.3571
29.3372,29.3576
29.3356,29.3572
29.3360,29.3571
29.3336,29.3568
29.3354,29.3573
29.3343,29.3575
29.3365,29.3570
29.3339,29.3572
29.3367,29.3573
29.3303,29.3570
29.3343,29.3573
29.3357,29.3570
29.3364,29.3572
29.3347,29.3571
29.3332,29.3572
29.3349,29.3573
29.3337,29.3576
29.3352,29.3573
29.3340,29.3573
29.3344,29.3573
29.3363,29.3569
29.3344,29.3566
29.3354,29.3570
29.3364,29.3567
29.3357,29.3568
29.3319,29.3568
29.3353,29.3568
29.3343,29.3571
29.3384,29.3575
29.3338,29.3567
29.3330,29.3576
29.3341,29.3569
29.3339,29.3570
29.3356,29.3573
29.3348,29.3570
29.3336,29.3568
29.3348,29.3568
29.3347,29.3575
29.3346,29.3569
29.3372,29.3569
29.3375,29.3572
29.3353,29.3569
29.3342,29.3573
29.3354,29.3573
29.3368,29.3572
29.3341,29.3573
29.3330,29.3574
29.3340,29.3572
29.3311,29.3568
29.3380,29.3571
29.3344,29.3572
29.3354,29.3572
29.3351,29.3575
29.3331,29.3571
29.3379,29.3571
29.3366,29.3570
29.3340,29.3569
29.3364,29.3572
29.3383,29.3573
29.3371,29.3569
29.3329,29.3572
29.3317,29.3573
29.3349,29.3571
29.3340,29.3570
29.3333,29.3568
29.3358,29.3567
29.3344,29.3572
29.3340,29.3568
29.3312,29.3570
29.3312,29.3572
29.3365,29.3568
29.3370,29.3571
29.3373,29.3572
29.3369,29.3570
29.3357,29.3572
29.3328,29.3570
29.3326,29.3571
29.3360,29.3571
29.3370,29.3574
29.3362,29.3572
29.3355,29.3573
29.3349,29.3569
29.3346,29.3575
29.3311,29.3568
29.3351,29.3572
29.3328,29.3572
29.3365,29.3570
29.3306,29.3569
29.3320,29.3570
29.3387,29.3574
29.3323,29.3574
29.3332,29.3570
29.3294,29.3570
29.3337,29.3571
29.3340,29.3570
29.3377,29.3571
29.3318,29.3572
29.3346,29.3570
29.3346,29.3567
29.3335,29.3569
29.3302,29.3571
29.3366,29.3571
29.3358,29.3566
29.3348,29.3569
29.3365,29.3567
29.3338,29.3573
29.3361,29.3576
29.3326,29.3568
29.3373,29.3571
29.3376,29.3571
29.3320,29.3568
29.3367,29.3572
29.3297,29.3570
29.3349,29.3576
29.3297,29.3574
29.3311,29.3570
29.3343,29.3573
29.3393,29.3571
29.3374,29.3572
29.3358,29.3571
29.3363,29.3569
29.3334,29.3575
29.3366,29.3571
29.3359,29.3572
29.3389,29.3568
29.3332,29.3571
29.3339,29.3567
29.3322,29.3571
29.3301,29.3569
29.3353,29.3570
29.3288,29.3568
29.3310,29.3571
29.3324,29.3573
29.3384,29.3571
29.3344,29.3571
29.3326,29.3573
29.3346,29.3573
29.3367,29.3570
29.3333,29.3570
29.3296,29.3572
29.3339,29.3566
29.3320,29.3567
29.3337,29.3571
29.3319,29.3568
29.3346,29.3574
29.3354,29.3570
29.3309,29.3574
29.3318,29.3574
29.3284,29.3572
29.3325,29.3572
29.3360,29.3571
29.3358,29.3568
29.3328,29.3570
29.3345,29.3572
29.3329,29.3573
29.3357,29.3572
29.3353,29.3141
