-0.9951,0.2521
-0.9948,0.2531
-0.9948,0.2531
-0.9947,0.2527
-0.9946,0.2520
-0.9946,0.2500
-0.9947,0.2459
-0.9945,0.2477
-0.9942,0.2529
-0.9941,0.2571
-0.9943,0.2533
-0.9944,0.2559
-0.9944,0.2559
-0.9947,0.2542
-0.9949,0.2572
-0.9953,0.2568
-0.9955,0.2609
-0.9961,0.2522
-0.9960,0.2558
-0.9955,0.2643
-0.9954,0.2726
-0.9956,0.2731
-0.9956,0.2731
-0.9957,0.2787
-0.9963,0.2760
-0.9963,0.2812
-0.9964,0.2809
-0.9964,0.2850
-0.9963,0.2870
-0.9963,0.2946
-0.9963,0.2923
-0.9964,0.3006
-0.9964,0.3006
-0.9968,0.3010
-0.9971,0.3090
-0.9974,0.3089
-0.9976,0.3136
-0.9978,0.3131
-0.9981,0.3151
-0.9981,0.3213
-0.9981,0.3271
-0.9981,0.3384
-0.9981,0.3384
-0.9981,0.3375
-0.9981,0.3486
-0.9981,0.3496
-0.9981,0.3553
-0.9981,0.3618
-0.9982,0.3689
-0.9982,0.3743
-0.9982,0.3765
-0.9982,0.3767
-0.9982,0.3767
-0.9982,0.3768
-0.9982,0.3767
-0.9982,0.3769
-0.9982,0.3769
-0.9982,0.3767
-0.9982,0.3768
-0.9982,0.3768
-0.9982,0.3768
-0.9982,0.3768
-0.9982,0.3768
-0.9982,0.3768
-0.9982,0.3768
-0.9982,0.3768
-0.9982,0.3768
-0.9982,0.3767
-0.9982,0.3768
-0.9982,0.3768
-0.9982,0.3767
-0.9982,0.3768
-0.9982,0.3768
-0.9982,0.3767
-0.9982,0.3768
-0.9982,0.3767
-0.9982,0.3767
-0.9982,0.3767
-0.9982,0.3767
-0.9982,0.3767
-0.9982,0.3767
-0.9982,0.3767
-0.9982,0.3767
-0.9982,0.3766
-0.9982,0.3767
-0.9982,0.3766
-0.9982,0.3767
-0.9982,0.3767
-0.9982,0.3767
-0.9982,0.3767
-0.9982,0.3767
-0.9982,0.3767
-0.9982,0.3767
-0.9982,0.3768
-0.9982,0.3766
-0.9982,0.3767
-0.9983,0.3767
-0.9983,0.3767
-0.9983,0.3767
-0.9983,0.3767
-0.9983,0.3767
-0.9983,0.3767
-0.9983,0.3767
-0.9983,0.3767
-0.9983,0.3767
-0.9983,0.3766
-0.9983,0.3767
-0.9983,0.3767
-0.9983,0.3768
-0.9983,0.3768
-0.9983,0.3767
-0.9984,0.3768
-0.9984,0.3768
-0.9984,0.3767
-0.9984,0.3767
-0.9984,0.3768
-0.9984,0.3767
-0.9984,0.3767
-0.9984,0.3767
-0.9984,0.3768
-0.9984,0.3767
-0.9984,0.3768
-0.9984,0.3768
-0.9984,0.3769
-0.9984,0.3767
-0.9984,0.3769
-0.9984,0.3767
-0.9984,0.3768
-0.9985,0.3767
-0.9985,0.3768
-0.9985,0.3768
-0.9985,0.3767
-0.9985,0.3767
-0.9985,0.3768
-0.9985,0.3768
-0.9985,0.3767
-0.9985,0.3769
-0.9985,0.3769
-0.9985,0.3769
-0.9985,0.3768
-0.9985,0.3769
-0.9985,0.3769
-0.9985,0.3769
-0.9986,0.3767
-0.9986,0.3769
-0.9986,0.3769
-0.9985,0.3769
-0.9985,0.3770
-0.9985,0.3768
-0.9986,0.3769
-0.9986,0.3769
-0.9986,0.3769
-0.9986,0.3769
-0.9986,0.3769
-0.9986,0.3769
-0.9986,0.3769
-0.9986,0.3770
-0.9986,0.3769
-0.9986,0.3769
-0.9986,0.3770
-0.9986,0.3770
-0.9986,0.3770
-0.9986,0.3770
-0.9987,0.3770
-0.9987,0.3770
-0.9987,0.3769
-0.9987,0.3770
-0.9987,0.3770
-0.9987,0.3769
-0.9987,0.3769
-0.9988,0.3770
-0.9988,0.3769
-0.9988,0.3769
-0.9988,0.3769
-0.9988,0.3770
-0.9988,0.3770
-0.9988,0.3771
-0.9988,0.3770
-0.9988,0.3771
-0.9988,0.3771
-0.9988,0.3770
-0.9988,0.3770
-0.9988,0.3770
-0.9988,0.3771
-0.9989,0.3770
-0.9989,0.3771
-0.9989,0.3770
-0.9989,0.3770
-0.9990,0.3771
-0.9990,0.3770
-0.9990,0.3771
-0.9990,0.3771
-0.9990,0.3771
-0.9990,0.3770
-0.9990,0.3771
-0.9990,0.3770
-0.9990,0.3770
-0.9991,0.3771
-0.9991,0.3771
-0.9991,0.3771
-0.9991,0.3770
-0.9991,0.3770
-0.9991,0.3770
-0.9992,0.3770
-0.9992,0.3770
-0.9992,0.3771
-0.9992,0.3770
-0.9992,0.3770
-0.9992,0.3770
-0.9992,0.3770
-0.9993,0.3770
-0.9993,0.3770
-0.9993,0.3770
-0.9993,0.3770
-0.9993,0.3770
-0.9993,0.3770
-0.9993,0.3770
-0.9993,0.3770
-0.9994,0.3771
-0.9994,0.3770
-0.9994,0.3770
-0.9994,0.3770
-0.9994,0.3770
-0.9994,0.3770
-0.9994,0.3770
-0.9994,0.3770
-0.9994,0.3770
-0.9995,0.3771
-0.9995,0.3769
-0.9995,0.3770
-0.9995,0.3770
-0.9995,0.3770
-0.9995,0.3770
-0.9995,0.3770
-0.9995,0.3770
-0.9995,0.3770
-0.9995,0.3770
-0.9995,0.3769
-0.9996,0.3769
-0.9996,0.3769
-0.9996,0.3770
-0.9996,0.3770
-0.9996,0.3770
-0.9996,0.3770
-0.9996,0.3769
-0.9996,0.3769
-0.9996,0.3770
-0.9996,0.3771
-0.9996,0.3770
-0.9996,0.3770
-0.9996,0.3769
-0.9996,0.3770
-0.9996,0.3770
-0.9997,0.3770
-0.9997,0.3770
-0.9997,0.3770
-0.9997,0.3770
-0.9997,0.3769
-0.9997,0.3769
-0.9997,0.3769
-0.9997,0.3769
-0.9997,0.3769
-0.9997,0.3769
-0.9997,0.3769
-0.9997,0.3769
-0.9997,0.3769
-0.9998,0.3769
-0.9998,0.3769
-0.9998,0.3769
-0.9998,0.3769
-0.9998,0.3769
-0.9998,0.3769
-0.9998,0.3769
-0.9998,0.3770
-0.9998,0.3770
-0.9998,0.3770
-0.9998,0.3769
-0.9998,0.3769
-0.9998,0.3769
-0.9998,0.3770
-0.9998,0.3770
-0.9998,0.3771
-0.9998,0.3771
-0.9998,0.3773
-0.9998,0.3774
-0.9998,0.3774
-0.9998,0.3773
-0.9998,0.3774
-0.9998,0.3773
-0.9998,0.3773
-0.9998,0.3773
-0.9998,0.3773
-0.9998,0.3773
-0.9998,0.3773
-0.9999,0.3773
-0.9999,0.3774
-0.9999,0.3775
-0.9999,0.3776
-0.9999,0.3775
-0.9999,0.3776
-0.9999,0.3775
-0.9999,0.3775
-0.9999,0.3775
-0.9999,0.3777
-0.9999,0.3777
-0.9999,0.3777
-0.9999,0.3776
-0.9999,0.3778
-0.9999,0.3778
-0.9999,0.3778
-0.9999,0.3779
-0.9999,0.3779
-0.9999,0.3779
-0.9999,0.3781
-0.9999,0.3787
-0.9999,0.3787
-0.9999,0.3790
-0.9999,0.3788
-0.9999,0.3790
-0.9999,0.3789
-0.9999,0.3789
-0.9999,0.3788
-0.9999,0.3788
-0.9999,0.3793
-0.9999,0.3794
-0.9999,0.3785
-0.9999,0.3790
-0.9999,0.3795
-0.9999,0.3797
-0.9999,0.3792
-0.9999,0.3792
-0.9999,0.3793
-0.9999,0.3793
-0.9999,0.3793
-0.9999,0.3793
-0.9999,0.3794
-0.9999,0.3795
-0.9999,0.3796
-0.9999,0.3796
-0.9999,0.3798
-0.9999,0.3798
-0.9999,0.3798
-0.9999,0.3798
-0.9999,0.3800
-0.9999,0.3800
-0.9999,0.3801
-0.9999,0.3803
-0.9999,0.3804
-0.9999,0.3804
-0.9999,0.3806
-0.9999,0.3807
-0.9999,0.3808
-0.9999,0.3808
-0.9999,0.3809
-0.9999,0.3809
-0.9999,0.3810
-0.9999,0.3811
-0.9999,0.3812
-1.0000,0.3812
-1.0000,0.3812
-1.0000,0.3813
-1.0000,0.3813
-1.0000,0.3813
-1.0000,0.3814
-1.0000,0.3813
-1.0000,0.3816
-1.0000,0.3816
-1.0000,0.3819
-1.0000,0.3818
-1.0000,0.3817
-1.0000,0.3818
-1.0000,0.3818
-1.0000,0.3818
-1.0000,0.3819
-1.0000,0.3821
-1.0000,0.3821
-1.0000,0.3822
-1.0000,0.3822
-1.0000,0.3823
-1.0000,0.3824
-1.0000,0.3825
-1.0000,0.3827
-1.0000,0.3827
-1.0000,0.3826
-1.0000,0.3827
-1.0000,0.3828
-1.0000,0.3828
-1.0000,0.3829
-1.0000,0.3830
-1.0000,0.3831
-1.0000,0.3833
-1.0000,0.3833
-1.0000,0.3833
-1.0000,0.3834
-1.0000,0.3835
-1.0000,0.3836
-1.0000,0.3836
-1.0000,0.3838
-1.0000,0.3839
-1.0000,0.3839
-1.0000,0.3841
-1.0000,0.3841
-1.0000,0.3841
-1.0000,0.3847
-1.0000,0.3844
-1.0000,0.3847
-1.0000,0.3848
-1.0000,0.3846
-1.0000,0.3850
-1.0000,0.3848
-1.0000,0.3852
-1.0000,0.3851
-1.0000,0.3851
-1.0000,0.3854
-1.0000,0.3856
-1.0000,0.3856
-1.0000,0.3857
-1.0000,0.3858
-1.0000,0.3859
-1.0000,0.3859
-1.0000,0.3861
-1.0000,0.3862
-1.0000,0.3862
-1.0000,0.3864
-1.0000,0.3864
-1.0000,0.3866
-1.0000,0.3868
-1.0000,0.3867
-1.0000,0.3870
-1.0000,0.3870
-1.0000,0.3870
-1.0000,0.3873
-1.0000,0.3873
-1.0000,0.3872
-1.0000,0.3876
-1.0000,0.3875
-1.0000,0.3876
-1.0000,0.3877
-1.0000,0.3878
-1.0000,0.3880
-1.0000,0.3880
-1.0000,0.3882
-1.0000,0.3882
-1.0000,0.3883
-1.0000,0.3885
-1.0000,0.3886
-1.0000,0.3886
-1.0000,0.3888
-1.0000,0.3887
-1.0000,0.3892
-1.0000,0.3894
-1.0000,0.3894
-1.0000,0.3894
-1.0000,0.3895
-1.0000,0.3895
-1.0000,0.3896
-1.0000,0.3896
-1.0000,0.3898
-1.0000,0.3899
-1.0000,0.3900
-1.0000,0.3902
-1.0000,0.3904
-1.0000,0.3904
-1.0000,0.3906
-1.0000,0.3908
-1.0000,0.3909
-1.0000,0.3908
-1.0000,0.3911
-1.0000,0.3909
-1.0000,0.3913
-1.0000,0.3911
-1.0000,0.3914
-1.0000,0.3914
-1.0000,0.3912
-1.0000,0.3914
-1.0000,0.3915
-1.0000,0.3916
-1.0000,0.3917
-1.0000,0.3917
-1.0000,0.3917
-1.0000,0.3917
-1.0000,0.3918
-1.0000,0.3918
-1.0000,0.3918
-1.0000,0.3919
-1.0000,0.3920
-1.0000,0.3920
-1.0000,0.3920
-1.0000,0.3922
-1.0000,0.3920
-1.0000,0.3923
-1.0000,0.3924
-1.0000,0.3924
-1.0000,0.3928
-1.0000,0.3929
-1.0000,0.3929
-1.0000,0.3930
-1.0000,0.3930
-1.0000,0.3930
-1.0000,0.3931
-1.0000,0.3930
-1.0000,0.3930
-1.0000,0.3930
-1.0000,0.3931
-1.0000,0.3933
-1.0000,0.3934
-1.0000,0.3934
-1.0000,0.3935
-1.0000,0.3936
-1.0000,0.3936
-1.0000,0.3934
-1.0000,0.3936
-1.0000,0.3936
-1.0000,0.3935
-1.0000,0.3939
-1.0000,0.3939
-1.0000,0.3939
-1.0000,0.3937
-1.0000,0.3939
-1.0000,0.3936
-1.0000,0.3940
-1.0000,0.3940
-1.0000,0.3940
-1.0000,0.3940
-1.0000,0.3942
-1.0000,0.3942
-1.0000,0.3942
-1.0000,0.3943
-1.0000,0.3942
-1.0000,0.3946
-1.0000,0.3944
-1.0000,0.3944
-1.0000,0.3944
-1.0000,0.3945
-1.0000,0.3946
-1.0000,0.3948
-1.0000,0.3947
-1.0000,0.3948
-1.0000,0.3948
-1.0000,0.3947
-1.0000,0.3948
-1.0000,0.3948
-1.0000,0.3948
-1.0000,0.3949
-1.0000,0.3949
-1.0000,0.3949
-1.0000,0.3949
-1.0000,0.3949
-1.0000,0.3952
-1.0000,0.3952
-1.0000,0.3951
-1.0000,0.3949
-1.0000,0.3949
-1.0000,0.3952
-1.0000,0.3954
-1.0000,0.3953
-1.0000,0.3952
-1.0000,0.3954
-1.0000,0.3951
-1.0000,0.3953
-1.0000,0.3952
-1.0000,0.3951
-1.0000,0.3951
-1.0000,0.3958
-1.0000,0.3953
-1.0000,0.3956
-1.0000,0.3952
-1.0000,0.3954
-1.0000,0.3953
-1.0000,0.3953
-1.0000,0.3954
-1.0000,0.3952
-1.0000,0.3952
-1.0000,0.3953
-1.0000,0.3952
-1.0000,0.3953
-1.0000,0.3952
-1.0000,0.3952
-1.0000,0.3952
-1.0000,0.3952
-1.0000,0.3951
-1.0000,0.3951
-1.0000,0.3951
-1.0000,0.3950
-1.0000,0.3953
-1.0000,0.3951
-1.0000,0.3951
-1.0000,0.3952
-1.0000,0.3952
-1.0000,0.3952
-1.0000,0.3953
-1.0000,0.3952
-1.0000,0.3952
-1.0000,0.3952
-1.0000,0.3951
-1.0000,0.3952
-1.0000,0.3951
-1.0000,0.3954
-1.0000,0.3953
-1.0000,0.3953
-1.0000,0.3952
-1.0000,0.3952
-1.0000,0.3952
-1.0000,0.3953
-1.0000,0.3953
-1.0000,0.3953
-1.0000,0.3953
-1.0000,0.3954
-1.0000,0.3953
-1.0000,0.3954
-1.0000,0.3954
-1.0000,0.3954
-1.0000,0.3954
-1.0000,0.3953
-1.0000,0.3955
-1.0000,0.3954
-1.0000,0.3957
-1.0000,0.3954
-1.0000,0.3956
-1.0000,0.3955
-1.0000,0.3957
-1.0000,0.3958
-1.0000,0.3958
-1.0000,0.3957
-1.0000,0.3958
-1.0000,0.3957
-1.0000,0.3959
-1.0000,0.3957
-1.0000,0.3958
-1.0000,0.3959
-1.0000,0.3957
-1.0000,0.3958
-1.0000,0.3958
-1.0000,0.3956
-1.0000,0.3959
-1.0000,0.3958
-1.0000,0.3958
-1.0000,0.3959
-1.0000,0.3958
-1.0000,0.3960
-1.0000,0.3958
-1.0000,0.3961
-1.0000,0.3961
-1.0000,0.3958
-1.0000,0.3960
-1.0000,0.3960
-1.0000,0.3962
-1.0000,0.3960
-1.0000,0.3961
-1.0000,0.3964
-1.0000,0.3961
-1.0000,0.3962
-1.0000,0.3962
-1.0000,0.3961
-1.0000,0.3963
-1.0000,0.3963
-1.0000,0.3962
-1.0000,0.3963
-1.0000,0.3965
-1.0000,0.3963
-1.0000,0.3964
-1.0000,0.3963
-1.0000,0.3963
-1.0000,0.3965
-1.0000,0.3965
-1.0000,0.3966
-1.0000,0.3966
-1.0000,0.3966
-1.0000,0.3966
-1.0000,0.3967
-1.0000,0.3966
-1.0000,0.3966
-1.0000,0.3966
-1.0000,0.3970
-1.0000,0.3967
-1.0000,0.3968
-1.0000,0.3967
-1.0000,0.3967
-1.0000,0.3969
-1.0000,0.3969
-1.0000,0.3970
-1.0000,0.3969
-1.0000,0.3969
-1.0000,0.3970
-1.0000,0.3971
-1.0000,0.3970
-1.0000,0.3970
-1.0000,0.3972
-1.0000,0.3972
-1.0000,0.3972
-1.0000,0.3971
-1.0000,0.3973
-1.0000,0.3973
-1.0000,0.3976
-1.0000,0.3978
-1.0000,0.3976
-1.0000,0.3977
-1.0000,0.3975
-1.0000,0.3977
-1.0000,0.3976
-1.0000,0.3977
-1.0000,0.3977
-1.0000,0.3977
-1.0000,0.3981
-1.0000,0.3978
-1.0000,0.3981
-1.0000,0.3981
-1.0000,0.3981
-1.0000,0.3981
-1.0000,0.3981
-1.0000,0.3981
-1.0000,0.3982
-1.0000,0.3982
-1.0000,0.3980
-1.0000,0.3982
-1.0000,0.3981
-1.0000,0.3981
-1.0000,0.3982
-1.0000,0.3982
-1.0000,0.3983
-1.0000,0.3982
-1.0000,0.3982
-1.0000,0.3982
-1.0000,0.3985
-1.0000,0.3982
-1.0000,0.3984
-1.0000,0.3983
-1.0000,0.3985
-1.0000,0.3985
-1.0000,0.3985
-1.0000,0.3985
-1.0000,0.3984
-1.0000,0.3984
-1.0000,0.3985
-1.0000,0.3986
-1.0000,0.3985
-1.0000,0.3986
-1.0000,0.3986
-1.0000,0.3986
-1.0000,0.3986
-1.0000,0.3985
-1.0000,0.3986
-1.0000,0.3986
-1.0000,0.3985
-1.0000,0.3986
-1.0000,0.3985
-1.0000,0.3986
-1.0000,0.3986
-1.0000,0.3986
-1.0000,0.3987
-1.0000,0.3985
-1.0000,0.3986
-1.0000,0.3986
-1.0000,0.3986
-1.0000,0.3986
-1.0000,0.3988
-1.0000,0.3987
-1.0000,0.3988
-1.0000,0.3988
-1.0000,0.3988
-1.0000,0.3987
-1.0000,0.3988
-1.0000,0.3988
-1.0000,0.3990
-1.0000,0.3987
-1.0000,0.3989
-1.0000,0.3988
-1.0000,0.3989
-1.0000,0.3989
-1.0000,0.3989
-1.0000,0.3989
-1.0000,0.3989
-1.0000,0.3989
-1.0000,0.3989
-1.0000,0.3989
-1.0000,0.3990
-1.0000,0.3990
-1.0000,0.3990
-1.0000,0.3990
-1.0000,0.3991
-1.0000,0.3990
-1.0000,0.3991
-1.0000,0.3991
-1.0000,0.3991
-1.0000,0.3991
-1.0000,0.3990
-1.0000,0.3992
-1.0000,0.3992
-1.0000,0.3992
-1.0000,0.3993
-1.0000,0.3992
-1.0000,0.3993
-1.0000,0.3993
-1.0000,0.3992
-1.0000,0.3993
-1.0000,0.3992
-1.0000,0.3994
-1.0000,0.3993
-1.0000,0.3993
-1.0000,0.3994
-1.0000,0.3997
-1.0000,0.3995
-1.0000,0.3995
-1.0000,0.3997
-1.0000,0.3998
-1.0000,0.3999
-1.0000,0.3998
-1.0000,0.3999
-1.0000,0.3999
-1.0000,0.4000
-1.0000,0.3999
-1.0000,0.3999
-1.0000,0.3999
-1.0000,0.4000
-1.0000,0.4001
-1.0000,0.4001
-1.0000,0.4001
-1.0000,0.4001
-1.0000,0.4003
-1.0000,0.4003
-1.0000,0.4003
-1.0000,0.4003
-1.0000,0.4003
-1.0000,0.4003
-1.0000,0.4004
-1.0000,0.4003
-1.0000,0.4005
-1.0000,0.4004
-1.0000,0.4005
-1.0000,0.4005
-1.0000,0.4005
-1.0000,0.4005
-1.0000,0.4005
-1.0000,0.4005
-1.0000,0.4005
-1.0000,0.4005
-1.0000,0.4005
-1.0000,0.4004
-1.0000,0.4005
-1.0000,0.4005
-1.0000,0.4005
-1.0000,0.4006
-1.0000,0.4006
-1.0000,0.4005
-1.0000,0.4005
-1.0000,0.4006
-1.0000,0.4007
-1.0000,0.4006
-1.0000,0.4005
-1.0000,0.4006
-1.0000,0.4006
-1.0000,0.4007
-1.0000,0.4007
-1.0000,0.4005
-1.0000,0.4006
-1.0000,0.4007
-1.0000,0.4006
-1.0000,0.4007
-1.0000,0.4007
-1.0000,0.4007
-1.0000,0.4007
-1.0000,0.4008
-1.0000,0.4008
-1.0000,0.4009
-1.0000,0.4008
-1.0000,0.4008
-1.0000,0.4008
-1.0000,0.4008
-1.0000,0.4009
-1.0000,0.4009
-1.0000,0.4009
-1.0000,0.4008
-1.0000,0.4008
-1.0000,0.4010
-1.0000,0.4009
-1.0000,0.4009
-1.0000,0.4010
-1.0000,0.4009
-1.0000,0.4010
-1.0000,0.4012
-1.0000,0.4010
-1.0000,0.4010
-1.0000,0.4010
-1.0000,0.4010
-1.0000,0.4011
-1.0000,0.4011
-1.0000,0.4012
-1.0000,0.4012
-1.0000,0.4012
-1.0000,0.4012
-1.0000,0.4012
-1.0000,0.4013
-1.0000,0.4013
-1.0000,0.4013
-1.0000,0.4013
-1.0000,0.4013
-1.0000,0.4013
-1.0000,0.4013
-1.0000,0.4014
-1.0000,0.4013
-1.0000,0.4014
-1.0000,0.4014
-1.0000,0.4014
-1.0000,0.4014
-1.0000,0.4015
-1.0000,0.4015
-1.0000,0.4014
-1.0000,0.4015
-1.0000,0.4015
-1.0000,0.4016
-1.0000,0.4014
-1.0000,0.4016
-1.0000,0.4016
-1.0000,0.4014
-1.0000,0.4016
-1.0000,0.4018
-1.0000,0.4018
-1.0000,0.4017
-1.0000,0.4018
-1.0000,0.4017
-1.0000,0.4020
-1.0000,0.4019
-1.0000,0.4019
-1.0000,0.4018
-1.0000,0.4019
-1.0000,0.4020
-1.0000,0.4020
-1.0000,0.4019
-1.0000,0.4020
-1.0000,0.4020
-1.0000,0.4019
-1.0000,0.4020
-1.0000,0.4020
-1.0000,0.4020
-1.0000,0.4020
-1.0000,0.4020
-1.0000,0.4020
-1.0000,0.4020
-1.0000,0.4021
-1.0000,0.4021
-1.0000,0.4020
-1.0000,0.4021
-1.0000,0.4021
-1.0000,0.4020
-1.0000,0.4021
-1.0000,0.4022
-1.0000,0.4022
-1.0000,0.4022
-1.0000,0.4024
-1.0000,0.4023
-1.0000,0.4024
-1.0000,0.4024
-1.0000,0.4024
-1.0000,0.4025
-1.0000,0.4025
-1.0000,0.4026
-1.0000,0.4025
-1.0000,0.4027
-1.0000,0.4026
-1.0000,0.4027
-1.0000,0.4026
-1.0000,0.4026
-1.0000,0.4026
-1.0000,0.4026
-1.0000,0.4029
-1.0000,0.4027
-1.0000,0.4027
-1.0000,0.4028
-1.0000,0.4027
-1.0000,0.4027
-1.0000,0.4029
-1.0000,0.4028
-1.0000,0.4028
-1.0000,0.4028
-1.0000,0.4030
-1.0000,0.4030
-1.0000,0.4029
-1.0000,0.4030
-1.0000,0.4029
-1.0000,0.4031
-1.0000,0.4030
-1.0000,0.4030
-1.0000,0.4030
-1.0000,0.4030
-1.0000,0.4030
-1.0000,0.4031
-1.0000,0.4031
-1.0000,0.4031
-1.0000,0.4030
-1.0000,0.4032
-1.0000,0.4033
-1.0000,0.4032
-1.0000,0.4032
-1.0000,0.4032
-1.0000,0.4032
-1.0000,0.4033
-1.0000,0.4032
-1.0000,0.4033
-1.0000,0.4032
-1.0000,0.4033
-1.0000,0.4033
-1.0000,0.4033
-1.0000,0.4033
-1.0000,0.4033
-1.0000,0.4033
-1.0000,0.4034
-1.0000,0.4034
-1.0000,0.4033
-1.0000,0.4034
-1.0000,0.4035
-1.0000,0.4034
-1.0000,0.4034
-1.0000,0.4034
-1.0000,0.4036
-1.0000,0.4036
-1.0000,0.4034
-1.0000,0.4036
-1.0000,0.4035
-1.0000,0.4037
-1.0000,0.4036
-1.0000,0.4037
-1.0000,0.4038
-1.0000,0.4038
-1.0000,0.4037
-1.0000,0.4037
-1.0000,0.4038
-1.0000,0.4037
-1.0000,0.4037
-1.0000,0.4038
-1.0000,0.4037
-1.0000,0.4039
-1.0000,0.4039
-1.0000,0.4039
-1.0000,0.4039
-1.0000,0.4038
-1.0000,0.4040
-1.0000,0.4039
-1.0000,0.4040
-1.0000,0.4039
-1.0000,0.4040
-1.0000,0.4039
-1.0000,0.4041
-1.0000,0.4041
-1.0000,0.4041
-1.0000,0.4040
-1.0000,0.4041
-1.0000,0.4041
-1.0000,0.4041
-1.0000,0.4041
-1.0000,0.4041
-1.0000,0.4041
-1.0000,0.4041
-1.0000,0.4041
-1.0000,0.4042
-1.0000,0.4042
-1.0000,0.4042
-1.0000,0.4042
-1.0000,0.4042
-1.0000,0.4042
-1.0000,0.4043
-1.0000,0.4042
-1.0000,0.4043
-1.0000,0.4043
-1.0000,0.4043
-1.0000,0.4042
-1.0000,0.4043
-1.0000,0.4044
-1.0000,0.4043
-1.0000,0.4043
-1.0000,0.4044
-1.0000,0.4044
-1.0000,0.4044
-1.0000,0.4044
-1.0000,0.4043
-1.0000,0.4044
-1.0000,0.4044
-1.0000,0.4044
-1.0000,0.4043
-1.0000,0.4044
-1.0000,0.4044
-1.0000,0.4044
-1.0000,0.4044
-1.0000,0.4044
-1.0000,0.4044
-1.0000,0.4042
-1.0000,0.4045
-1.0000,0.4045
-1.0000,0.4044
-1.0000,0.4044
-1.0000,0.4045
-1.0000,0.4045
-1.0000,0.4046
-1.0000,0.4046
-1.0000,0.4045
-1.0000,0.4044
-1.0000,0.4045
-1.0000,0.4045
-1.0000,0.4045
-1.0000,0.4046
-1.0000,0.4045
-1.0000,0.4047
-1.0000,0.4046
-1.0000,0.4046
-1.0000,0.4047
-1.0000,0.4046
-1.0000,0.4047
-1.0000,0.4048
-1.0000,0.4048
-1.0000,0.4047
-1.0000,0.4049
-1.0000,0.4048
-1.0000,0.4048
-1.0000,0.4048
-1.0000,0.4049
-1.0000,0.4049
-1.0000,0.4048
-1.0000,0.4049
-1.0000,0.4049
-1.0000,0.4049
-1.0000,0.4049
-1.0000,0.4051
-1.0000,0.4050
-1.0000,0.4050
-1.0000,0.4052
-1.0000,0.4050
-1.0000,0.4052
-1.0000,0.4051
-1.0000,0.4051
-1.0000,0.4051
-1.0000,0.4051
-1.0000,0.4053
-1.0000,0.4051
-1.0000,0.4051
-1.0000,0.4053
-1.0000,0.4052
-1.0000,0.4053
-1.0000,0.4052
-1.0000,0.4053
-1.0000,0.4053
-1.0000,0.4053
-1.0000,0.4054
-1.0000,0.4054
-1.0000,0.4054
-1.0000,0.4053
-1.0000,0.4053
-1.0000,0.4053
-1.0000,0.4054
-1.0000,0.4053
-1.0000,0.4054
-1.0000,0.4055
-1.0000,0.4054
-1.0000,0.4056
-1.0000,0.4056
-1.0000,0.4055
-1.0000,0.4057
-1.0000,0.4056
-1.0000,0.4056
-1.0000,0.4056
-1.0000,0.4056
-1.0000,0.4056
-1.0000,0.4057
-1.0000,0.4057
-1.0000,0.4057
-1.0000,0.4057
-1.0000,0.4056
-1.0000,0.4057
-1.0000,0.4056
-1.0000,0.4058
-1.0000,0.4057
-1.0000,0.4056
-1.0000,0.4056
-1.0000,0.4056
-1.0000,0.4056
-1.0000,0.4057
-1.0000,0.4056
-1.0000,0.4057
-1.0000,0.4056
-1.0000,0.4056
-1.0000,0.4057
-1.0000,0.4056
-1.0000,0.4056
-1.0000,0.4056
-1.0000,0.4056
-1.0000,0.4056
-1.0000,0.4057
-1.0000,0.4056
-1.0000,0.4059
-1.0000,0.4058
-1.0000,0.4058
-1.0000,0.4058
-1.0000,0.4059
-1.0000,0.4059
-1.0000,0.4059
-1.0000,0.4059
-1.0000,0.4059
-1.0000,0.4059
-1.0000,0.4058
-1.0000,0.4059
-1.0000,0.4059
-1.0000,0.4060
-1.0000,0.4059
-1.0000,0.4060
-1.0000,0.4060
-1.0000,0.4060
-1.0000,0.4060
-1.0000,0.4061
-1.0000,0.4060
-1.0000,0.4061
-1.0000,0.4060
-1.0000,0.4061
-1.0000,0.4061
-1.0000,0.4061
-1.0000,0.4061
-1.0000,0.4060
-1.0000,0.4061
-1.0000,0.4061
-1.0000,0.4061
-1.0000,0.4061
-1.0000,0.4063
-1.0000,0.4062
-1.0000,0.4063
-1.0000,0.4062
-1.0000,0.4062
-1.0000,0.4063
-1.0000,0.4063
-1.0000,0.4063
-1.0000,0.4064
-1.0000,0.4064
-1.0000,0.4064
-1.0000,0.4065
-1.0000,0.4064
-1.0000,0.4064
-1.0000,0.4064
-1.0000,0.4064
-1.0000,0.4064
-1.0000,0.4065
-1.0000,0.4065
-1.0000,0.4064
-1.0000,0.4064
-1.0000,0.4067
-1.0000,0.4065
-1.0000,0.4066
-1.0000,0.4066
-1.0000,0.4064
-1.0000,0.4065
-1.0000,0.4066
-1.0000,0.4065
-1.0000,0.4065
-1.0000,0.4065
-1.0000,0.4066
-1.0000,0.4065
-1.0000,0.4066
-1.0000,0.4066
-1.0000,0.4067
-1.0000,0.4065
-1.0000,0.4066
-1.0000,0.4066
-1.0000,0.4066
-1.0000,0.4067
-1.0000,0.4066
-1.0000,0.4068
-1.0000,0.4066
-1.0000,0.4066
-1.0000,0.4067
-1.0000,0.4066
-1.0000,0.4068
-1.0000,0.4066
-1.0000,0.4067
-1.0000,0.4066
-1.0000,0.4066
-1.0000,0.4068
-1.0000,0.4067
-1.0000,0.4067
-1.0000,0.4068
-1.0000,0.4069
-1.0000,0.4069
-1.0000,0.4069
-1.0000,0.4068
-1.0000,0.4069
-1.0000,0.4069
-1.0000,0.4070
-1.0000,0.4069
-1.0000,0.4069
-1.0000,0.4069
-1.0000,0.4069
-1.0000,0.4068
-1.0000,0.4068
-1.0000,0.4069
-1.0000,0.4068
-1.0000,0.4069
-1.0000,0.4069
-1.0000,0.4069
-1.0000,0.4069
-1.0000,0.4068
-1.0000,0.4068
-1.0000,0.4069
-1.0000,0.4068
-1.0000,0.4069
-1.0000,0.4068
-1.0000,0.4069
-1.0000,0.4069
-1.0000,0.4070
-1.0000,0.4070
-1.0000,0.4071
-1.0000,0.4070
-1.0000,0.4070
-1.0000,0.4071
-1.0000,0.4071
-1.0000,0.4071
-1.0000,0.4071
-1.0000,0.4070
-1.0000,0.4072
-1.0000,0.4072
-1.0000,0.4070
-1.0000,0.4071
-1.0000,0.4072
-1.0000,0.4071
-1.0000,0.4073
-1.0000,0.4072
-1.0000,0.4073
-1.0000,0.4072
-1.0000,0.4074
-1.0000,0.4074
-1.0000,0.4072
-1.0000,0.4074
-1.0000,0.4074
-1.0000,0.4072
-1.0000,0.4075
-1.0000,0.4075
-1.0000,0.4077
-1.0000,0.4076
-1.0000,0.4077
-1.0000,0.4077
-1.0000,0.4075
-1.0000,0.4076
-1.0000,0.4076
-1.0000,0.4076
-1.0000,0.4076
-1.0000,0.4077
-1.0000,0.4076
-1.0000,0.4076
-1.0000,0.4077
-1.0000,0.4077
-1.0000,0.4076
-1.0000,0.4076
-1.0000,0.4077
-1.0000,0.4076
-1.0000,0.4078
-1.0000,0.4077
-1.0000,0.4078
-1.0000,0.4077
-1.0000,0.4078
-1.0000,0.4078
-1.0000,0.4078
-1.0000,0.4079
-1.0000,0.4077
-1.0000,0.4078
-1.0000,0.4078
-1.0000,0.4078
-1.0000,0.4078
-1.0000,0.4078
-1.0000,0.4078
-1.0000,0.4078
-1.0000,0.4079
-1.0000,0.4077
-1.0000,0.4078
-1.0000,0.4077
-1.0000,0.4078
-1.0000,0.4077
-1.0000,0.4078
-1.0000,0.4078
-1.0000,0.4077
-1.0000,0.4077
-1.0000,0.4078
-1.0000,0.4077
-1.0000,0.4078
-1.0000,0.4077
-1.0000,0.4077
-1.0000,0.4077
-1.0000,0.4078
-1.0000,0.4079
-1.0000,0.4078
-1.0000,0.4078
-1.0000,0.4081
-1.0000,0.4079
-1.0000,0.4080
-1.0000,0.4079
-1.0000,0.4080
-1.0000,0.4080
-1.0000,0.4080
-1.0000,0.4081
-1.0000,0.4080
-1.0000,0.4080
-1.0000,0.4080
-1.0000,0.4081
-1.0000,0.4080
-1.0000,0.4081
-1.0000,0.4080
-1.0000,0.4082
-1.0000,0.4080
-1.0000,0.4081
-1.0000,0.4081
-1.0000,0.4081
-1.0000,0.4082
-1.0000,0.4081
-1.0000,0.4082
-1.0000,0.4082
-1.0000,0.4081
-1.0000,0.4082
-1.0000,0.4081
-1.0000,0.4082
-1.0000,0.4081
-1.0000,0.4081
-1.0000,0.4083
-1.0000,0.4081
-1.0000,0.4083
-1.0000,0.4082
-1.0000,0.4083
-1.0000,0.4083
-1.0000,0.4083
-1.0000,0.4083
-1.0000,0.4083
-1.0000,0.4083
-1.0000,0.4083
-1.0000,0.4084
-1.0000,0.4083
-1.0000,0.4084
-1.0000,0.4083
-1.0000,0.4083
-1.0000,0.4083
-1.0000,0.4084
-1.0000,0.4083
-1.0000,0.4083
-1.0000,0.4085
-1.0000,0.4084
-1.0000,0.4085
-1.0000,0.4084
-1.0000,0.4085
-1.0000,0.4083
-1.0000,0.4084
-1.0000,0.4084
-1.0000,0.4084
-1.0000,0.4084
-1.0000,0.4084
-1.0000,0.4085
-1.0000,0.4084
-1.0000,0.4085
-1.0000,0.4086
-1.0000,0.4085
-1.0000,0.4086
-1.0000,0.4086
-1.0000,0.4086
-1.0000,0.4086
-1.0000,0.4086
-1.0000,0.4086
-1.0000,0.4086
-1.0000,0.4086
-1.0000,0.4086
-1.0000,0.4087
-1.0000,0.4086
-1.0000,0.4087
-1.0000,0.4086
-1.0000,0.4086
-1.0000,0.4087
-1.0000,0.4087
-1.0000,0.4087
-1.0000,0.4087
-1.0000,0.4086
-1.0000,0.4087
-1.0000,0.4086
-1.0000,0.4087
-1.0000,0.4087
-1.0000,0.4087
-1.0000,0.4088
-1.0000,0.4088
-1.0000,0.4088
-1.0000,0.4086
-1.0000,0.4089
-1.0000,0.4087
-1.0000,0.4089
-1.0000,0.4088
-1.0000,0.4089
-1.0000,0.4089
-1.0000,0.4088
-1.0000,0.4089
-1.0000,0.4088
-1.0000,0.4090
-1.0000,0.4088
-1.0000,0.4089
-1.0000,0.4089
-1.0000,0.4091
-1.0000,0.4089
-1.0000,0.4089
-1.0000,0.4091
-1.0000,0.4091
-1.0000,0.4090
-1.0000,0.4091
-1.0000,0.4089
-1.0000,0.4090
-1.0000,0.4091
-1.0000,0.4090
-1.0000,0.4091
-1.0000,0.4091
-1.0000,0.4090
-1.0000,0.4090
-1.0000,0.4091
-1.0000,0.4090
-1.0000,0.4091
-1.0000,0.4091
-1.0000,0.4092
-1.0000,0.4091
-1.0000,0.4091
-1.0000,0.4091
-1.0000,0.4092
-1.0000,0.4091
-1.0000,0.4091
-1.0000,0.4092
-1.0000,0.4091
-1.0000,0.4091
-1.0000,0.4091
-1.0000,0.4091
-1.0000,0.4092
-1.0000,0.4092
-1.0000,0.4092
-1.0000,0.4093
-1.0000,0.4093
-1.0000,0.4091
-1.0000,0.4092
-1.0000,0.4092
-1.0000,0.4093
-1.0000,0.4092
-1.0000,0.4093
-1.0000,0.4093
-1.0000,0.4092
-1.0000,0.4092
-1.0000,0.4093
-1.0000,0.4092
-1.0000,0.4094
-1.0000,0.4093
-1.0000,0.4093
-1.0000,0.4093
-1.0000,0.4093
-1.0000,0.4093
-1.0000,0.4093
-1.0000,0.4093
-1.0000,0.4093
-1.0000,0.4094
-1.0000,0.4094
-1.0000,0.4094
-1.0000,0.4094
-1.0000,0.4094
-1.0000,0.4094
-1.0000,0.4094
-1.0000,0.4094
-1.0000,0.4095
-1.0000,0.4096
-1.0000,0.4095
-1.0000,0.4096
-1.0000,0.4095
-1.0000,0.4095
-1.0000,0.4095
-1.0000,0.4096
-1.0000,0.4096
-1.0000,0.4095
-1.0000,0.4096
-1.0000,0.4096
-1.0000,0.4097
-1.0000,0.4097
-1.0000,0.4098
-1.0000,0.4097
-1.0000,0.4098
-1.0000,0.4097
-1.0000,0.4097
-1.0000,0.4097
-1.0000,0.4098
-1.0000,0.4098
-1.0000,0.4099
-1.0000,0.4098
-1.0000,0.4098
-1.0000,0.4098
-1.0000,0.4098
-1.0000,0.4099
-1.0000,0.4099
-1.0000,0.4099
-1.0000,0.4099
-1.0000,0.4099
-1.0000,0.4100
-1.0000,0.4099
-1.0000,0.4101
-1.0000,0.4100
-1.0000,0.4100
-1.0000,0.4099
-1.0000,0.4099
-1.0000,0.4101
-1.0000,0.4100
-1.0000,0.4101
-1.0000,0.4102
-1.0000,0.4100
-1.0000,0.4101
-1.0000,0.4101
-1.0000,0.4102
-1.0000,0.4101
-1.0000,0.4101
-1.0000,0.4103
-1.0000,0.4100
-1.0000,0.4101
-1.0000,0.4101
-1.0000,0.4102
-1.0000,0.4100
-1.0000,0.4100
-1.0000,0.4101
-1.0000,0.4101
-1.0000,0.4101
-1.0000,0.4100
-1.0000,0.4101
-1.0000,0.4102
-1.0000,0.4101
-1.0000,0.4102
-1.0000,0.4101
-1.0000,0.4101
-1.0000,0.4102
-1.0000,0.4102
-1.0000,0.4102
-1.0000,0.4103
-1.0000,0.4104
-1.0000,0.4104
-1.0000,0.4103
-1.0000,0.4103
-1.0000,0.4104
-1.0000,0.4105
-1.0000,0.4103
-1.0000,0.4103
-1.0000,0.4103
-1.0000,0.4103
-1.0000,0.4104
-1.0000,0.4104
-1.0000,0.4104
-1.0000,0.4103
-1.0000,0.4104
-1.0000,0.4104
-1.0000,0.4104
-1.0000,0.4104
-1.0000,0.4104
-1.0000,0.4106
-1.0000,0.4106
-1.0000,0.4105
-1.0000,0.4106
-1.0000,0.4105
-1.0000,0.4106
-1.0000,0.4106
-1.0000,0.4106
-1.0000,0.4107
-1.0000,0.4107
-1.0000,0.4105
-1.0000,0.4107
-1.0000,0.4106
-1.0000,0.4108
-1.0000,0.4108
-1.0000,0.4108
-1.0000,0.4106
-1.0000,0.4107
-1.0000,0.4107
-1.0000,0.4107
-1.0000,0.4108
-1.0000,0.4108
-1.0000,0.4108
-1.0000,0.4108
-1.0000,0.4107
-1.0000,0.4108
-1.0000,0.4108
-1.0000,0.4107
-1.0000,0.4108
-1.0000,0.4108
-1.0000,0.4108
-1.0000,0.4109
-1.0000,0.4109
-1.0000,0.4108
-1.0000,0.4109
-1.0000,0.4109
-1.0000,0.4109
-1.0000,0.4109
-1.0000,0.4110
-1.0000,0.4110
-1.0000,0.4108
-1.0000,0.4109
-1.0000,0.4109
-1.0000,0.4109
-1.0000,0.4110
-1.0000,0.4110
-1.0000,0.4109
-1.0000,0.4110
-1.0000,0.4110
-1.0000,0.4110
-1.0000,0.4112
-1.0000,0.4112
-1.0000,0.4112
-1.0000,0.4112
-1.0000,0.4111
-1.0000,0.4111
-1.0000,0.4112
-1.0000,0.4112
-1.0000,0.4111
-1.0000,0.4111
-1.0000,0.4110
-1.0000,0.4111
-1.0000,0.4111
-1.0000,0.4111
-1.0000,0.4113
-1.0000,0.4111
-1.0000,0.4112
-1.0000,0.4111
-1.0000,0.4111
-1.0000,0.4111
-1.0000,0.4111
-1.0000,0.4110
-1.0000,0.4111
-1.0000,0.4112
-1.0000,0.4113
-1.0000,0.4112
-1.0000,0.4112
-1.0000,0.4112
-1.0000,0.4112
-1.0000,0.4112
-1.0000,0.4112
-1.0000,0.4112
-1.0000,0.4113
-1.0000,0.4114
-1.0000,0.4114
-1.0000,0.4114
-1.0000,0.4114
-1.0000,0.4113
-1.0000,0.4113
-1.0000,0.4113
-1.0000,0.4112
-1.0000,0.4113
-1.0000,0.4114
-1.0000,0.4115
-1.0000,0.4114
-1.0000,0.4113
-1.0000,0.4114
-1.0000,0.4113
-1.0000,0.4114
-1.0000,0.4114
-1.0000,0.4115
-1.0000,0.4114
-1.0000,0.4115
-1.0000,0.4113
-1.0000,0.4113
-1.0000,0.4113
-1.0000,0.4115
-1.0000,0.4114
-1.0000,0.4115
-1.0000,0.4115
-1.0000,0.4113
-1.0000,0.4114
-1.0000,0.4115
-1.0000,0.4116
-1.0000,0.4115
-1.0000,0.4115
-1.0000,0.4114
-1.0000,0.4115
-1.0000,0.4117
-1.0000,0.4117
-1.0000,0.4117
-1.0000,0.4117
-1.0000,0.4117
-1.0000,0.4117
-1.0000,0.4116
-1.0000,0.4118
-1.0000,0.4117
-1.0000,0.4117
-1.0000,0.4116
-1.0000,0.4116
-1.0000,0.4117
-1.0000,0.4116
-1.0000,0.4117
-1.0000,0.4118
-1.0000,0.4120
-1.0000,0.4119
-1.0000,0.4120
-1.0000,0.4118
-1.0000,0.4120
-1.0000,0.4120
-1.0000,0.4118
-1.0000,0.4120
-1.0000,0.4119
-1.0000,0.4120
-1.0000,0.4119
-1.0000,0.4120
-1.0000,0.4120
-1.0000,0.4120
-1.0000,0.4120
-1.0000,0.4120
-1.0000,0.4120
-1.0000,0.4119
-1.0000,0.4119
-1.0000,0.4119
-1.0000,0.4121
-1.0000,0.4120
-1.0000,0.4121
-1.0000,0.4121
-1.0000,0.4121
-1.0000,0.4121
-1.0000,0.4120
-1.0000,0.4120
-1.0000,0.4119
-1.0000,0.4121
-1.0000,0.4121
-1.0000,0.4123
-1.0000,0.4121
-1.0000,0.4121
-1.0000,0.4120
-1.0000,0.4120
-1.0000,0.4123
-1.0000,0.4121
-1.0000,0.4123
-1.0000,0.4122
-1.0000,0.4123
-1.0000,0.4121
-1.0000,0.4121
-1.0000,0.4120
-1.0000,0.4121
-1.0000,0.4121
-1.0000,0.4121
-1.0000,0.4121
-1.0000,0.4121
-1.0000,0.4122
-1.0000,0.4122
-1.0000,0.4122
-1.0000,0.4123
-1.0000,0.4122
-1.0000,0.4123
-1.0000,0.4123
-1.0000,0.4122
-1.0000,0.4121
-1.0000,0.4123
-1.0000,0.4121
-1.0000,0.4123
-1.0000,0.4123
-1.0000,0.4124
-1.0000,0.4123
-1.0000,0.4125
-1.0000,0.4125
-1.0000,0.4124
-1.0000,0.4123
-1.0000,0.4124
-1.0000,0.4125
-1.0000,0.4124
-1.0000,0.4124
-1.0000,0.4124
-1.0000,0.4125
-1.0000,0.4125
-1.0000,0.4125
-1.0000,0.4124
-1.0000,0.4124
-1.0000,0.4125
-1.0000,0.4125
-1.0000,0.4125
-1.0000,0.4125
-1.0000,0.4125
-1.0000,0.4126
-1.0000,0.4127
-1.0000,0.4127
-1.0000,0.4126
-1.0000,0.4127
-1.0000,0.4127
-1.0000,0.4127
-1.0000,0.4126
-1.0000,0.4127
-1.0000,0.4126
-1.0000,0.4126
-1.0000,0.4127
-1.0000,0.4127
-1.0000,0.4125
-1.0000,0.4128
-1.0000,0.4127
-1.0000,0.4127
-1.0000,0.4125
-1.0000,0.4128
-1.0000,0.4128
-1.0000,0.4128
-1.0000,0.4128
-1.0000,0.4128
-1.0000,0.4128
-1.0000,0.4127
-1.0000,0.4127
-1.0000,0.4127
-1.0000,0.4129
-1.0000,0.4129
-1.0000,0.4128
-1.0000,0.4130
-1.0000,0.4129
-1.0000,0.4129
-1.0000,0.4130
-1.0000,0.4129
-1.0000,0.4129
-1.0000,0.4130
-1.0000,0.4129
-1.0000,0.4129
-1.0000,0.4129
-1.0000,0.4129
-1.0000,0.4129
-1.0000,0.4129
-1.0000,0.4130
-1.0000,0.4130
-1.0000,0.4131
-1.0000,0.4130
-1.0000,0.4131
-1.0000,0.4130
-1.0000,0.4130
-1.0000,0.4131
-1.0000,0.4131
-1.0000,0.4131
-1.0000,0.4133
-1.0000,0.4131
-1.0000,0.4131
-1.0000,0.4130
-1.0000,0.4131
-1.0000,0.4130
-1.0000,0.4132
-1.0000,0.4130
-1.0000,0.4130
-1.0000,0.4130
-1.0000,0.4132
-1.0000,0.4130
-1.0000,0.4131
-1.0000,0.4130
-1.0000,0.4131
-1.0000,0.4131
-1.0000,0.4132
-1.0000,0.4131
-1.0000,0.4132
-1.0000,0.4132
-1.0000,0.4131
-1.0000,0.4132
-1.0000,0.4130
-1.0000,0.4132
-1.0000,0.4131
-1.0000,0.4131
-1.0000,0.4131
-1.0000,0.4132
-1.0000,0.4132
-1.0000,0.4132
-1.0000,0.4134
-1.0000,0.4131
-1.0000,0.4131
-1.0000,0.4133
-1.0000,0.4132
-1.0000,0.4133
-1.0000,0.4133
-1.0000,0.4133
-1.0000,0.4134
-1.0000,0.4134
-1.0000,0.4132
-1.0000,0.4133
-1.0000,0.4132
-1.0000,0.4134
-1.0000,0.4134
-1.0000,0.4134
-1.0000,0.4134
-1.0000,0.4132
-1.0000,0.4134
-1.0000,0.4134
-1.0000,0.4133
-1.0000,0.4133
-1.0000,0.4134
-1.0000,0.4137
-1.0000,0.4136
-1.0000,0.4133
-1.0000,0.4134
-1.0000,0.4133
-1.0000,0.4134
-1.0000,0.4134
-1.0000,0.4134
-1.0000,0.4134
-1.0000,0.4135
-1.0000,0.4136
-1.0000,0.4137
-1.0000,0.4135
-1.0000,0.4136
-1.0000,0.4133
-1.0000,0.4136
-1.0000,0.4136
-1.0000,0.4134
-1.0000,0.4136
-1.0000,0.4136
-1.0000,0.4135
-1.0000,0.4137
-1.0000,0.4136
-1.0000,0.4138
-1.0000,0.4136
-1.0000,0.4136
-1.0000,0.4136
-1.0000,0.4135
-1.0000,0.4136
-1.0000,0.4136
-1.0000,0.4137
-1.0000,0.4136
-1.0000,0.4138
-1.0000,0.4138
-1.0000,0.4138
-1.0000,0.4136
-1.0000,0.4136
-1.0000,0.4136
-1.0000,0.4136
-1.0000,0.4136
-1.0000,0.4136
-1.0000,0.4136
-1.0000,0.4136
-1.0000,0.4136
-1.0000,0.4136
-1.0000,0.4136
-1.0000,0.4136
-1.0000,0.4136
-1.0000,0.4136
-1.0000,0.4136
-1.0000,0.4136
-1.0000,0.4136
-1.0000,0.4136
-1.0000,0.4136
-1.0000,0.4136
-1.0000,0.4136
-1.0000,0.4136
-1.0000,0.4136
-1.0000,0.4136
-1.0000,0.4136
-1.0000,0.4136
-1.0000,0.4136
-1.0000,0.4136
-1.0000,0.4136
-1.0000,0.4136
-1.0000,0.4136
-1.0000,0.4136
-1.0000,0.4136
-1.0000,0.4136
-1.0000,0.4136
-1.0000,0.4136
-1.0000,0.4136
-1.0000,0.4136
-1.0000,0.4136
-1.0000,0.4136
-1.0000,0.4136
-1.0000,0.4136
-1.0000,0.4136
-1.0000,0.4136
-1.0000,0.4136
-1.0000,0.4136
-1.0000,0.4136
-1.0000,0.4136
-1.0000,0.4136
-1.0000,0.4136
-1.0000,0.4136
-1.0000,0.4136
-1.0000,0.4136
-1.0000,0.4136
-1.0000,0.4136
-1.0000,0.4136
-1.0000,0.4136
-1.0000,0.4136
-1.0000,0.4136
-1.0000,0.4136
-1.0000,0.4136
-1.0000,0.4136
-1.0000,0.4136
-1.0000,0.4136
-1.0000,0.4136
-1.0000,0.4136
-1.0000,0.4136
-1.0000,0.4136
-1.0000,0.4136
-1.0000,0.4136
-1.0000,0.4136
-1.0000,0.4136
-1.0000,0.4136
-1.0000,0.4136
-1.0000,0.4136
-1.0000,0.4136
-1.0000,0.4136
-1.0000,0.4136
-1.0000,0.4136
-1.0000,0.4136
-1.0000,0.4136
-1.0000,0.4136
-1.0000,0.4136
-1.0000,0.4136
-1.0000,0.4136
-1.0000,0.4136
-1.0000,0.4136
-1.0000,0.4136
-1.0000,0.4136
-1.0000,0.4136
-1.0000,0.4136
-1.0000,0.4136
-1.0000,0.4136
-1.0000,0.4136
-1.0000,0.4136
-1.0000,0.4136
-1.0000,0.4136
-1.0000,0.4136
-1.0000,0.4136
-1.0000,0.4136
-1.0000,0.4136
-1.0000,0.4136
-1.0000,0.4136
-1.0000,0.4136
-1.0000,0.4136
-1.0000,0.4136
-1.0000,0.4136
-1.0000,0.4136
-1.0000,0.4136
-1.0000,0.4136
-1.0000,0.4136
-1.0000,0.4136
-1.0000,0.4136
-1.0000,0.4136
-1.0000,0.4136
-1.0000,0.4136
-1.0000,0.4136
-1.0000,0.4136
-1.0000,0.4136
-1.0000,0.4136
-1.0000,0.4136
-1.0000,0.4136
-1.0000,0.4136
-1.0000,0.4136
-1.0000,0.4136
-1.0000,0.4136
-1.0000,0.4136
-1.0000,0.4136
-1.0000,0.4136
-1.0000,0.4136
-1.0000,0.4136
-1.0000,0.4136
-1.0000,0.4136
-1.0000,0.4136
-1.0000,0.4136
-1.0000,0.4136
-1.0000,0.4136
-1.0000,0.4136
-1.0000,0.4136
-1.0000,0.4136
-1.0000,0.4136
-1.0000,0.4136
-1.0000,0.4136
-1.0000,0.4136
-1.0000,0.4136
-1.0000,0.4136
-1.0000,0.4136
-1.0000,0.4136
-1.0000,0.4136
-1.0000,0.4136
-1.0000,0.4136
-1.0000,0.4136
-1.0000,0.4136
-1.0000,0.4136
-1.0000,0.4136
-1.0000,0.4136
-1.0000,0.4136
-1.0000,0.4136
-1.0000,0.4136
-1.0000,0.4136
-1.0000,0.4136
-1.0000,0.4136
-1.0000,0.4136
-1.0000,0.4136
-1.0000,0.4136
-1.0000,0.4136
-1.0000,0.4136
-1.0000,0.4136
-1.0000,0.4136
-1.0000,0.4136
-1.0000,0.4136
-1.0000,0.4136
-1.0000,0.4136
-1.0000,0.4136
-1.0000,0.4136
-1.0000,0.4136
-1.0000,0.4136
-1.0000,0.4136
-1.0000,0.4136
-1.0000,0.4136
-1.0000,0.4136
-1.0000,0.4136
-1.0000,0.4136
-1.0000,0.4136
-1.0000,0.4136
-1.0000,0.4136
-1.0000,0.4136
-1.0000,0.4136
-1.0000,0.4136
-1.0000,0.4136
-1.0000,0.4136
-1.0000,0.4136
-1.0000,0.4136
-1.0000,0.4136
-1.0000,0.4136
-1.0000,0.4136
-1.0000,0.4136
-1.0000,0.4136
-1.0000,0.4136
-1.0000,0.4136
-1.0000,0.4136
-1.0000,0.4136
-1.0000,0.4136
-1.0000,0.4136
-1.0000,0.4136
-1.0000,0.4136
-1.0000,0.4136
-1.0000,0.4136
-1.0000,0.4136
-1.0000,0.4136
-1.0000,0.4136
-1.0000,0.4136
-1.0000,0.4136
-1.0000,0.4136
-1.0000,0.4136
-1.0000,0.4136
-1.0000,0.4136
-1.0000,0.4136
-1.0000,0.4136
-1.0000,0.4136
-1.0000,0.4136
-1.0000,0.4136
-1.0000,0.4136
-1.0000,0.4136
-1.0000,0.4136
-1.0000,0.4136
-1.0000,0.4136
-1.0000,0.4136
-1.0000,0.4136
-1.0000,0.4136
-1.0000,0.4136
-1.0000,0.4136
-1.0000,0.4136
-1.0000,0.4136
-1.0000,0.4136
-1.0000,0.4136
-1.0000,0.4136
-1.0000,0.4136
-1.0000,0.4136
-1.0000,0.4136
-1.0000,0.4136
-1.0000,0.4136
-1.0000,0.4136
-1.0000,0.4136
-1.0000,0.4136
-1.0000,0.4136
-1.0000,0.4136
-1.0000,0.4136
-1.0000,0.4136
-1.0000,0.4136
-1.0000,0.4136
-1.0000,0.4136
-1.0000,0.4136
-1.0000,0.4136
-1.0000,0.4136
-1.0000,0.4136
-1.0000,0.4136
-1.0000,0.4136
-1.0000,0.4136
-1.0000,0.4136
-1.0000,0.4136
-1.0000,0.4136
-1.0000,0.4136
-1.0000,0.4136
-1.0000,0.4136
-1.0000,0.4136
-1.0000,0.4136
-1.0000,0.4136
-1.0000,0.4136
-1.0000,0.4136
-1.0000,0.4136
-1.0000,0.4136
-1.0000,0.4136
-1.0000,0.4136
-1.0000,0.4136
-1.0000,0.4136
-1.0000,0.4136
-1.0000,0.4136
-1.0000,0.4136
-1.0000,0.4136
-1.0000,0.4136
-1.0000,0.4136
-1.0000,0.4136
-1.0000,0.4136
-1.0000,0.4136
-1.0000,0.4136
-1.0000,0.4136
-1.0000,0.4136
-1.0000,0.4136
-1.0000,0.4136
-1.0000,0.4136
-1.0000,0.4136
-1.0000,0.4136
-1.0000,0.4136
-1.0000,0.4136
-1.0000,0.4136
-1.0000,0.4136
-1.0000,0.4136
-1.0000,0.4136
-1.0000,0.4136
-1.0000,0.4136
-1.0000,0.4136
-1.0000,0.4136
-1.0000,0.4136
-1.0000,0.4136
-1.0000,0.4136
-1.0000,0.4136
-1.0000,0.4136
-1.0000,0.4136
-1.0000,0.4136
-1.0000,0.4136
-1.0000,0.4136
-1.0000,0.4136
-1.0000,0.4136
-1.0000,0.4136
-1.0000,0.4136
-1.0000,0.4136
-1.0000,0.4136
-1.0000,0.4136
-1.0000,0.4136
-1.0000,0.4136
-1.0000,0.4136
-1.0000,0.4136
-1.0000,0.4136
-1.0000,0.4136
-1.0000,0.4136
-1.0000,0.4136
-1.0000,0.4136
-1.0000,0.4136
-1.0000,0.4136
-1.0000,0.4136
-1.0000,0.4136
-1.0000,0.4136
-1.0000,0.4136
-1.0000,0.4136
-1.0000,0.4136
-1.0000,0.4136
-1.0000,0.4136
-1.0000,0.4136
-1.0000,0.4136
-1.0000,0.4136
-1.0000,0.4136
-1.0000,0.4136
-1.0000,0.4136
-1.0000,0.4136
-1.0000,0.4136
-1.0000,0.4136
-1.0000,0.4136
-1.0000,0.4136
-1.0000,0.4136
-1.0000,0.4136
-1.0000,0.4136
-1.0000,0.4136
-1.0000,0.4136
-1.0000,0.4136
-1.0000,0.4136
-1.0000,0.4136
-1.0000,0.4136
-1.0000,0.4136
-1.0000,0.4136
-1.0000,0.4136
-1.0000,0.4136
-1.0000,0.4136
-1.0000,0.4136
-1.0000,0.4136
-1.0000,0.4136
-1.0000,0.4136
-1.0000,0.4136
-1.0000,0.4136
-1.0000,0.4136
-1.0000,0.4136
-1.0000,0.4136
-1.0000,0.4136
-1.0000,0.4136
-1.0000,0.4136
-1.0000,0.4136
-1.0000,0.4136
-1.0000,0.4136
-1.0000,0.4136
-1.0000,0.4136
-1.0000,0.4136
-1.0000,0.4136
-1.0000,0.4136
-1.0000,0.4136
-1.0000,0.4136
-1.0000,0.4136
-1.0000,0.4136
-1.0000,0.4136
-1.0000,0.4136
-1.0000,0.4136
-1.0000,0.4136
-1.0000,0.4136
-1.0000,0.4136
-1.0000,0.4136
-1.0000,0.4136
-1.0000,0.4136
-1.0000,0.4136
-1.0000,0.4136
-1.0000,0.4136
-1.0000,0.4136
-1.0000,0.4136
-1.0000,0.4136
-1.0000,0.4136
-1.0000,0.4136
-1.0000,0.4136
-1.0000,0.4136
-1.0000,0.4136
-1.0000,0.4136
-1.0000,0.4136
-1.0000,0.4136
-1.0000,0.4136
-1.0000,0.4136
-1.0000,0.4136
-1.0000,0.4136
-1.0000,0.4136
-1.0000,0.4136
-1.0000,0.4136
-1.0000,0.4136
-1.0000,0.4136
-1.0000,0.4136
-1.0000,0.4136
-1.0000,0.4136
-1.0000,0.4136
-1.0000,0.4136
-1.0000,0.4136
-1.0000,0.4136
-1.0000,0.4136
-1.0000,0.4136
-1.0000,0.4136
-1.0000,0.4136
-1.0000,0.4136
-1.0000,0.4136
-1.0000,0.4136
-1.0000,0.4136
-1.0000,0.4136
-1.0000,0.4136
-1.0000,0.4136
-1.0000,0.4136
-1.0000,0.4136
-1.0000,0.4136
-1.0000,0.4136
-1.0000,0.4136
-1.0000,0.4136
-1.0000,0.4136
-1.0000,0.4136
-1.0000,0.4136
-1.0000,0.4136
-1.0000,0.4136
-1.0000,0.4136
-1.0000,0.4136
-1.0000,0.4136
-1.0000,0.4136
-1.0000,0.4136
-1.0000,0.4136
-1.0000,0.4136
-1.0000,0.4136
-1.0000,0.4136
-1.0000,0.4136
-1.0000,0.4136
-1.0000,0.4136
-1.0000,0.4136
-1.0000,0.4136
-1.0000,0.4136
-1.0000,0.4136
-1.0000,0.4136
-1.0000,0.4136
-1.0000,0.4136
-1.0000,0.4136
-1.0000,0.4136
-1.0000,0.4136
-1.0000,0.4136
-1.0000,0.4136
-1.0000,0.4136
-1.0000,0.4136
-1.0000,0.4136
-1.0000,0.4136
-1.0000,0.4136
-1.0000,0.4136
-1.0000,0.4136
-1.0000,0.4136
-1.0000,0.4136
-1.0000,0.4136
-1.0000,0.4136
-1.0000,0.4136
-1.0000,0.4136
-1.0000,0.4136
-1.0000,0.4136
-1.0000,0.4136
-1.0000,0.4136
-1.0000,0.4136
-1.0000,0.4136
-1.0000,0.4136
-1.0000,0.4136
-1.0000,0.4136
-1.0000,0.4136
-1.0000,0.4136
-1.0000,0.4136
-1.0000,0.4136
-1.0000,0.4136
-1.0000,0.4136
-1.0000,0.4136
-1.0000,0.4136
-1.0000,0.4136
-1.0000,0.4136
-1.0000,0.4136
-1.0000,0.4136
-1.0000,0.4136
-1.0000,0.4136
-1.0000,0.4136
-1.0000,0.4136
-1.0000,0.4136
-1.0000,0.4136
-1.0000,0.4136
-1.0000,0.4136
-1.0000,0.4136
-1.0000,0.4136
-1.0000,0.4136
-1.0000,0.4136
-1.0000,0.4136
-1.0000,0.4136
-1.0000,0.4136
-1.0000,0.4136
-1.0000,0.4136
-1.0000,0.4136
-1.0000,0.4136
-1.0000,0.4136
-1.0000,0.4136
-1.0000,0.4136
-1.0000,0.4136
-1.0000,0.4136
-1.0000,0.4136
-1.0000,0.4136
-1.0000,0.4136
-1.0000,0.4136
-1.0000,0.4136
-1.0000,0.4136
-1.0000,0.4136
-1.0000,0.4136
-1.0000,0.4136
-1.0000,0.4136
-1.0000,0.4136
-1.0000,0.4136
-1.0000,0.4136
-1.0000,0.4136
-1.0000,0.4136
-1.0000,0.4136
-1.0000,0.4136
-1.0000,0.4136
-1.0000,0.4136
-1.0000,0.4136
-1.0000,0.4136
-1.0000,0.4136
-1.0000,0.4136
-1.0000,0.4136
-1.0000,0.4136
-1.0000,0.4136
-1.0000,0.4136
-1.0000,0.4136
-1.0000,0.4136
-1.0000,0.4136
-1.0000,0.4136
-1.0000,0.4136
-1.0000,0.4136
-1.0000,0.4136
-1.0000,0.4136
-1.0000,0.4136
-1.0000,0.4136
-1.0000,0.4136
-1.0000,0.4136
-1.0000,0.4136
-1.0000,0.4136
-1.0000,0.4136
-1.0000,0.4136
-1.0000,0.4136
-1.0000,0.4136
-1.0000,0.4136
-1.0000,0.4136
-1.0000,0.4136
-1.0000,0.4136
-1.0000,0.4136
-1.0000,0.4136
-1.0000,0.4136
-1.0000,0.4136
-1.0000,0.4136
-1.0000,0.4136
-1.0000,0.4136
-1.0000,0.4136
-1.0000,0.4136
-1.0000,0.4136
-1.0000,0.4136
-1.0000,0.4136
-1.0000,0.4136
-1.0000,0.4136
-1.0000,0.4136
-1.0000,0.4136
-1.0000,0.4136
-1.0000,0.4136
-1.0000,0.4136
-1.0000,0.4136
-1.0000,0.4136
-1.0000,0.4136
-1.0000,0.4136
-1.0000,0.4136
-1.0000,0.4136
-1.0000,0.4136
-1.0000,0.4136
-1.0000,0.4136
-1.0000,0.4136
-1.0000,0.4136
-1.0000,0.4136
-1.0000,0.4136
-1.0000,0.4136
-1.0000,0.4136
-1.0000,0.4136
-1.0000,0.4136
-1.0000,0.4136
-1.0000,0.4136
-1.0000,0.4136
-1.0000,0.4136
-1.0000,0.4136
-1.0000,0.4136
-1.0000,0.4136
-1.0000,0.4136
-1.0000,0.4136
-1.0000,0.4136
-1.0000,0.4136
-1.0000,0.4136
-1.0000,0.4136
-1.0000,0.4136
-1.0000,0.4136
-1.0000,0.4136
-1.0000,0.4136
-1.0000,0.4136
-1.0000,0.4136
-1.0000,0.4136
-1.0000,0.4136
-1.0000,0.4136
-1.0000,0.4136
-1.0000,0.4136
-1.0000,0.4136
-1.0000,0.4136
-1.0000,0.4136
-1.0000,0.4136
-1.0000,0.4136
-1.0000,0.4136
-1.0000,0.4136
-1.0000,0.4136
-1.0000,0.4136
-1.0000,0.4136
-1.0000,0.4136
-1.0000,0.4136
-1.0000,0.4136
-1.0000,0.4136
-1.0000,0.4136
-1.0000,0.4136
-1.0000,0.4136
-1.0000,0.4136
-1.0000,0.4136
-1.0000,0.4136
-1.0000,0.4136
-1.0000,0.4136
-1.0000,0.4136
-1.0000,0.4136
-1.0000,0.4136
-1.0000,0.4136
-1.0000,0.4136
-1.0000,0.4136
-1.0000,0.4136
-1.0000,0.4136
-1.0000,0.4136
-1.0000,0.4136
-1.0000,0.4136
-1.0000,0.4136
-1.0000,0.4136
-1.0000,0.4136
-1.0000,0.4136
-1.0000,0.4136
-1.0000,0.4136
-1.0000,0.4136
-1.0000,0.4136
-1.0000,0.4136
-1.0000,0.4136
-1.0000,0.4136
-1.0000,0.4136
-1.0000,0.4136
-1.0000,0.4136
-1.0000,0.4136
-1.0000,0.4136
-1.0000,0.4136
-1.0000,0.4136
-1.0000,0.4136
-1.0000,0.4136
-1.0000,0.4136
-1.0000,0.4136
-1.0000,0.4136
-1.0000,0.4136
-1.0000,0.4136
-1.0000,0.4136
-1.0000,0.4136
-1.0000,0.4136
-1.0000,0.4136
-1.0000,0.4136
-1.0000,0.4136
-1.0000,0.4136
-1.0000,0.4136
-1.0000,0.4136
-1.0000,0.4136
-1.0000,0.4136
-1.0000,0.4136
-1.0000,0.4136
-1.0000,0.4136
-1.0000,0.4136
-1.0000,0.4136
-1.0000,0.4136
-1.0000,0.4136
-1.0000,0.4136
-1.0000,0.4136
-1.0000,0.4136
-1.0000,0.4136
-1.0000,0.4136
-1.0000,0.4136
-1.0000,0.4136
-1.0000,0.4136
-1.0000,0.4136
-1.0000,0.4136
-1.0000,0.4136
-1.0000,0.4136
-1.0000,0.4136
-1.0000,0.4136
-1.0000,0.4136
-1.0000,0.4136
-1.0000,0.4136
-1.0000,0.4136
-1.0000,0.4136
-1.0000,0.4136
-1.0000,0.4136
-1.0000,0.4136
-1.0000,0.4136
-1.0000,0.4136
-1.0000,0.4136
-1.0000,0.4136
-1.0000,0.4136
-1.0000,0.4136
-1.0000,0.4136
-1.0000,0.4136
-1.0000,0.4136
-1.0000,0.4136
-1.0000,0.4136
-1.0000,0.4136
-1.0000,0.4136
-1.0000,0.4136
-1.0000,0.4136
-1.0000,0.4136
-1.0000,0.4136
-1.0000,0.4136
-1.0000,0.4136
-1.0000,0.4136
-1.0000,0.4136
-1.0000,0.4136
-1.0000,0.4136
-1.0000,0.4136
-1.0000,0.4136
-1.0000,0.4136
-1.0000,0.4136
-1.0000,0.4136
-1.0000,0.4136
-1.0000,0.4136
-1.0000,0.4136
-1.0000,0.4136
-1.0000,0.4136
-1.0000,0.4136
-1.0000,0.4136
-1.0000,0.4136
-1.0000,0.4136
-1.0000,0.4136
-1.0000,0.4136
-1.0000,0.4136
-1.0000,0.4136
-1.0000,0.4136
-1.0000,0.4136
-1.0000,0.4136
-1.0000,0.4136
-1.0000,0.4136
-1.0000,0.4136
-1.0000,0.4136
-1.0000,0.4136
-1.0000,0.4136
-1.0000,0.4136
-1.0000,0.4136
-1.0000,0.4136
-1.0000,0.4136
-1.0000,0.4136
-1.0000,0.4136
-1.0000,0.4136
-1.0000,0.4136
-1.0000,0.4136
-1.0000,0.4136
-1.0000,0.4136
-1.0000,0.4136
-1.0000,0.4136
-1.0000,0.4136
-1.0000,0.4136
-1.0000,0.4136
-1.0000,0.4136
-1.0000,0.4136
-1.0000,0.4136
-1.0000,0.4136
-1.0000,0.4136
-1.0000,0.4136
