275895.5625
95615.9922
19442.8340
36622.8086
16457.5039
48658.9297
12553.5371
50490.4062
4579.5996
44144.2188
5184.8887
30899.2402
22389.2637
13190.8154
22052.1094
9303.9922
40715.5117
6138.0938
37800.3516
5152.5020
23355.1484
9302.0527
8663.5723
51812.1172
2698.3103
30519.3438
5742.5063
54435.3984
3521.1963
31662.7559
5443.9614
22273.3262
20875.3008
10236.8652
23912.3867
10046.4482
22648.6758
17939.7617
13629.4805
19476.6777
11423.0273
26715.6250
26260.1094
7161.5137
24718.8359
15298.0244
14980.0625
16954.4844
14013.8096
13149.0781
11560.2080
10879.0986
9945.5684
10043.2236
9828.7549
10327.0469
10417.1074
9661.1133
10166.0801
10142.4258
10085.4043
10030.2520
9884.3115
10109.0430
10006.1025
9959.3945
10137.2666
9660.4766
10075.9570
10181.4824
9618.5938
10234.6309
10215.2715
9613.4619
10029.9355
9984.4414
9907.1641
10005.0352
9815.2480
10097.5947
9894.0488
10061.0430
10058.5068
9777.9414
10202.2451
9679.9316
10119.6230
10028.0352
10173.9570
9870.8926
10110.5225
9845.6016
9844.8037
10188.9990
9675.1426
9987.6172
10071.9668
10077.9121
9886.3672
10082.0352
9867.4434
10159.1992
10158.0996
9969.5840
10125.2969
9891.5684
10217.3906
9925.7598
10022.2188
10297.8350
9536.4521
10014.3691
10014.1328
9946.7402
9914.8711
10164.6895
9968.1562
9963.8975
9994.8047
10339.8965
9584.5293
9928.1133
9927.2422
10246.4932
9811.3359
10364.5195
9771.1729
10205.5742
9933.9229
10062.7021
10142.4229
9828.2461
9831.1182
10078.2461
10352.8242
9461.0879
10215.7520
9894.0762
10145.4219
9921.3135
10065.4082
10269.4336
10262.2422
9435.6338
10277.5322
9960.8086
9969.3984
10420.4648
9730.4902
10152.2617
9967.8496
10093.3105
10093.8047
9961.3955
10062.4268
9998.8477
10078.5059
10009.3809
9864.9746
10157.5566
10073.9150
10003.5801
10001.5967
10186.6416
10226.0283
9710.3613
10085.2969
10255.8750
10013.0938
9910.6250
10070.2051
9842.2363
9845.5186
9984.6396
10148.4980
10162.4482
10006.3799
9869.3379
10115.5977
10026.7441
9836.4609
9986.3975
9984.5186
10148.6621
9930.3613
10155.1426
9965.6807
10037.3838
10114.9717
9965.3320
10126.3408
10135.9346
10135.4766
9696.2998
10175.1582
9840.6963
9986.2500
10173.8457
10051.5146
10207.4648
9864.3711
10073.1855
10071.2090
9856.9541
9910.3467
10257.2207
9877.4365
10055.3750
10201.2148
9940.4805
10018.7051
10033.5801
10034.4375
10055.9473
10086.7324
10153.1914
9967.2773
9901.3242
10208.8379
9973.1377
9882.9766
9999.5322
9998.7754
10025.8867
10167.0195
9862.8799
10060.5566
10371.7461
9645.6035
10032.1699
10106.4551
9952.0693
9951.0381
10008.7227
10134.6445
10068.1143
9984.0566
9757.2070
10084.9961
10080.4863
10213.2881
10051.1816
10050.8770
9915.1572
10017.4492
9908.1064
10008.6230
10370.7969
9749.6172
9911.8945
10062.1719
10031.2773
10030.7949
10050.1504
9941.5908
10257.2676
9964.0596
10088.7598
9859.6494
10224.5117
9765.7988
9958.2559
9958.2070
10008.1182
10072.7148
9871.2666
9914.1738
10181.9590
9916.1602
9987.7715
10001.2656
10083.7168
10088.2344
9868.1699
9755.2549
9947.6738
9869.5010
9903.5068
9982.6240
9879.5645
9840.7236
10230.3867
10225.0078
9804.2246
9878.5078
10195.7383
9530.0879
10097.3125
9764.3652
9976.8516
10011.6699
9946.2051
9944.4873
9743.5791
9907.5869
10092.6904
9739.6533
9955.8984
9666.4990
10000.5469
9677.2148
10060.1484
10057.3896
9844.6074
9848.7607
10005.0020
9478.6016
10179.1768
9758.5537
9813.5400
9984.6309
9628.5547
9624.6777
10565.2969
10255.1406
9673.2109
10528.9199
9372.5566
10733.1016
9396.8174
10538.0811
9429.0850
9418.8604
10914.7324
9223.3428
9897.6328
10467.3262
10157.6074
9369.0830
9655.6582
10127.7559
10009.0078
9964.8428
9651.3848
10147.1299
9605.8145
9683.6387
10229.7314
9479.5273
9918.8770
9985.6523
9483.5361
9475.0176
9785.0273
9926.4980
9588.8301
9644.8867
10026.0342
9555.8125
9788.0234
10014.8652
9594.2754
9593.4492
9825.6396
9704.1318
10035.5723
9589.0254
9824.2852
10052.1719
9599.7422
10087.3701
9654.1660
9652.5859
9949.9512
9430.7725
10815.1377
8983.4365
9701.0439
9995.5195
9490.4336
9631.5566
9864.0166
9857.8779
9410.2803
9943.5762
9482.5273
10062.6943
9377.2910
9556.2109
10239.3789
9300.4434
9813.3867
9812.4531
9590.1240
9647.2324
9742.1191
9621.9902
9457.2881
9916.7305
9276.0293
10020.7930
9602.4727
9599.6670
9679.1172
9631.8516
9613.9395
9766.9873
9610.2725
9852.6758
9300.4785
10191.3877
9095.4990
9093.4463
10693.2646
9243.0488
9702.1641
10129.0830
9351.9727
9976.3057
9173.1113
10330.5947
9403.8750
9400.5566
10399.7109
9951.9453
9617.1758
9499.4990
9939.7812
9798.2520
9533.6953
9892.5332
9512.2832
9510.8916
10338.5938
9506.5645
9604.1816
10260.9355
9345.4629
10087.6953
9738.6367
9680.2656
10212.6641
10196.2881
9632.1016
10038.0879
9863.8643
9682.5645
10009.7734
9915.3574
9940.7207
9554.2510
10271.0430
10267.2119
9382.5879
10222.7363
9693.0186
9894.8926
9935.0801
9937.0146
9889.8799
9919.2949
10051.5430
10053.2891
9635.8945
9920.7549
9917.8242
9905.2695
9982.5674
9948.1982
10052.3965
9690.4678
10516.5264
10509.8330
9413.9873
10081.9512
10034.4688
9617.6582
10200.7969
9652.7305
10255.6621
9711.0547
9989.8008
9985.3545
10249.6172
9402.5684
10406.0850
9740.1660
10057.7676
9935.8535
10017.8574
9566.6484
10080.5176
10075.6172
9958.6201
9780.5986
10276.8340
9847.1094
9807.4688
10181.1074
9931.7031
9682.5078
10570.7402
10563.6855
9616.3574
10259.5020
9783.3730
10288.7129
9734.3301
10020.7529
10023.9688
9747.0391
10221.3828
10217.7412
9399.6895
10406.6406
9789.1982
10089.4668
9755.0586
9774.1699
10554.7090
9536.9170
9646.1387
9642.1543
10749.6826
9535.1152
10149.8398
10122.0039
9615.8867
10042.2285
9870.8379
9622.0449
10264.7920
10279.3984
9251.2129
10053.2217
10075.2139
9866.0938
10174.3184
9724.4336
10187.5439
10112.8643
9961.1758
9946.0127
10126.1123
9386.2188
10097.5020
10223.4180
9557.0859
10436.6924
9868.0869
9970.6230
9785.1250
9778.6543
10042.8105
10022.8760
10020.9238
9864.4912
10605.5703
9564.7578
9955.2041
10005.5039
10324.7383
10319.4639
9427.7051
9992.4648
10188.3301
9639.6650
10295.4531
10027.4473
9673.2012
10613.5518
9627.4336
9627.7461
10577.4326
9928.8721
10133.9473
10043.0039
9959.1211
10447.8867
9579.0039
10170.2480
10135.1387
10127.5273
10181.2832
9821.2168
10483.2686
10064.3574
10153.0176
10152.6025
10159.4023
10054.7637
10129.5664
10130.2529
10481.0400
10343.3301
10115.0898
9989.1855
9959.8008
10473.9375
9886.5645
10349.7666
10239.1943
10241.8477
10313.9941
10250.4297
10229.8242
9989.9336
10114.0605
10550.6250
10340.3340
10200.3770
10099.4199
10095.1367
10481.5889
10624.1738
10478.3467
9910.9580
10399.5098
10503.2275
10362.0898
10176.8330
10266.5762
10264.4873
10193.8496
10273.7012
9969.1660
10351.5547
10880.1387
10492.9297
9890.5840
10251.7422
10560.0869
10561.7422
10013.1992
10354.2812
10207.7930
10394.9717
10609.3242
9978.5078
10452.4180
10146.0859
10341.6738
10336.4473
10345.6738
10639.9990
10273.8018
10346.3613
10553.0430
9962.6846
10281.2461
10306.7715
10469.4629
10471.1592
10392.0391
10119.9941
10094.2637
10777.8506
10770.7217
10130.2168
10137.7578
10381.2393
10418.1250
10406.1699
10644.7578
10675.5312
10327.4746
10327.5410
10164.2305
10488.6641
10461.9727
10335.8066
10671.0068
10675.1738
10301.4727
9977.6660
10419.5176
10687.5430
10521.6543
10363.0459
10506.9688
9995.4785
10007.3242
9997.0430
10601.7695
10454.8906
10297.4727
10588.9043
9882.4639
10254.2207
10506.9414
10593.0508
10310.4609
10317.2832
10688.5225
10316.5098
10371.2988
10008.9219
10917.3262
10425.4844
10460.2012
10039.6836
9783.2461
9754.3906
10083.5312
10365.9336
11294.0879
10306.3867
10177.0176
10192.6973
10439.2598
10342.6426
10312.5840
10301.3486
10361.9209
10311.6309
10502.1982
10644.0273
10439.3789
10589.5410
10407.8828
10281.6426
10654.0508
10637.9756
9991.8506
10281.7070
10294.8320
10349.7285
10495.6680
10302.7656
10802.4062
10647.7139
10125.6514
10102.4141
10296.8242
10317.4600
10811.7568
10952.6650
10548.8984
10335.4912
10418.4277
10355.8516
10327.9375
10316.0273
9884.0684
10784.0508
10230.4551
10115.5928
10713.3105
10473.8701
10426.4102
10136.0254
10336.3975
10360.1504
10734.1387
10448.4473
10387.4180
10313.8184
10318.5098
10795.6738
10279.9863
10036.4980
10578.5215
10579.3906
10202.1973
10187.5996
10709.4551
10606.3779
10604.5029
10588.3574
10229.4131
10160.7461
10061.9434
10018.4219
10612.6016
10210.2021
10442.7129
10378.7520
10553.2637
10335.1367
10296.5332
10140.4873
10559.9053
10543.7549
10506.4404
10013.4160
10192.8604
10732.3809
10486.4961
10161.8066
10129.6699
10649.9727
10479.9189
10502.6758
10163.5088
10286.0469
10371.8447
10482.9141
10198.1611
10270.6270
10567.9844
10358.0098
10283.3545
10246.6836
10636.8369
10189.7432
10586.9648
10392.1738
10416.4590
9836.5068
9833.7344
10448.9453
10846.3408
10827.7178
10514.8350
10362.4648
10037.1465
10224.7217
10498.7188
10461.5977
10264.8887
10101.2559
10544.1553
10524.9268
10461.8955
10671.7773
10206.0996
9941.8848
10015.7031
11012.6436
10021.0586
10160.6338
10500.4180
10485.7344
10182.1094
10127.0654
10259.6162
10700.6826
10051.1240
9975.3496
10308.8135
10396.2266
10328.6016
10318.1133
10114.9141
10142.8584
10369.3809
10384.1729
10297.2598
10171.1758
10216.6680
9959.3057
10467.2891
10520.4766
10250.4609
10202.3438
10734.6025
10578.3574
10029.3984
10110.4082
10350.9521
10179.0244
10425.2891
10361.0000
10064.9414
9969.8252
10185.5781
10605.4844
10298.7998
10259.5430
10007.2676
10133.4824
10476.4922
10425.9092
10317.2061
10192.4863
10144.7910
9855.6191
10039.6182
10240.4863
10311.7930
10349.5049
9991.1191
9977.1719
10448.2207
10235.0312
9716.0020
10725.0225
10085.5312
9716.8027
10460.0137
10208.0195
10210.1230
10181.5566
9642.9287
10075.1016
10438.5957
10360.4824
10256.3398
9955.2949
9976.4551
10142.5791
10484.9160
10500.2129
10068.3496
9966.6602
9974.2500
10276.5430
10539.9912
10143.4082
9750.6953
10221.0361
10202.8105
10145.6426
9760.4863
10386.0127
10201.6094
9900.2070
10204.9121
10155.1221
10259.2812
9952.4824
10073.1367
10053.1172
10030.5986
9887.5605
10751.9238
10189.5625
9812.3359
10051.5566
10045.8359
10387.9473
10231.9395
10169.1602
9765.5840
9977.1465
10298.0742
10077.3770
10095.5586
10077.6602
9818.9707
10174.0996
10204.6094
10158.9326
10104.3438
9909.1973
9825.5566
10051.8076
10273.3965
9829.9844
10024.3789
9972.8496
9883.8428
9928.6934
10166.6807
9591.3184
10457.8496
9947.3799
9613.4209
10243.3574
10028.0244
9926.0254
9816.6660
9706.3809
10390.1709
9678.7607
10088.1592
9525.8867
10099.0723
9817.5352
10005.4092
9949.7832
9812.2930
9796.7559
9741.3340
10090.9336
10207.2617
9631.3145
10152.7852
9793.2285
9814.7188
10312.0830
9988.3516
9901.7520
9469.7451
9975.1299
10086.6992
9851.0098
9798.5742
9635.4277
9696.7637
10181.3125
9808.6426
9758.6465
9301.5742
9785.1152
9857.3730
9807.4336
9917.7480
9509.8594
10075.9688
10044.8047
9876.3379
9812.1895
9626.0186
9358.2080
9736.0635
9610.3945
9822.5742
9610.7891
9937.3242
9768.2021
9564.4062
9574.7559
9917.9951
9447.1562
10009.5859
9965.2207
9415.9121
9724.7715
9987.7002
9817.3643
9425.8887
9354.0527
9931.4062
10036.2832
9153.4580
9779.1865
9273.6895
10112.5195
9726.7949
9492.9336
9555.9229
9521.8730
9994.6201
9470.6836
9737.4678
9611.1152
9464.5166
10188.0439
9230.5430
9661.9102
9586.8145
9457.0205
9718.8779
9290.2637
9889.8848
9246.9316
9699.1758
9323.0020
9478.8691
9281.4521
9920.0684
9884.6172
9376.0830
9466.2773
9504.9062
9389.0938
9429.5059
9804.3047
9541.8301
9577.9443
9314.2480
9479.8555
10132.3867
9531.2627
9711.1582
9362.4727
9757.5029
9786.2559
9727.2402
9569.2168
9981.7676
9818.9375
9401.1816
9428.7988
9103.5449
9682.7812
9502.0977
9482.4180
9721.8203
9526.2969
9500.2031
9325.4160
9329.9766
9483.3643
9165.3105
9190.4707
9212.7666
9430.2285
9327.2070
9355.5332
9505.3086
9440.2617
9081.8457
8989.6885
9472.4590
9385.9824
8986.3057
9156.3281
9218.8779
9526.5664
9404.1230
9329.9756
9102.8994
8818.6914
9335.4980
9247.5039
8937.9766
9306.1348
9064.7090
9292.1143
9326.0625
9201.5996
8893.8027
9142.9648
9174.6572
9243.8984
8841.1152
9043.5801
9076.7637
9040.3467
8933.5566
8869.0107
9254.3076
9173.1895
8703.2236
9220.3506
9224.5117
8781.8496
8851.0303
9224.2324
8744.9492
8741.3301
9360.7832
8774.4736
9281.6729
8989.0488
8990.0508
9171.6211
8737.7734
9251.7451
8840.5332
8913.5693
9334.7773
8820.7275
9181.5469
9214.8018
9251.8750
8876.5898
9038.1855
9348.9258
9079.2607
8835.5625
8941.3555
8732.7422
8586.9941
8804.4316
9059.1514
8542.0674
8934.0449
8729.9521
8973.5566
9239.9531
8962.7900
9310.0273
8912.2090
9055.7246
9098.1475
9266.9873
8924.7949
9270.8545
9188.8555
8858.3730
8589.7373
8784.6719
8656.6465
8863.3906
8951.5586
8853.7148
8706.5527
8693.9844
8707.8105
8549.9121
8712.6992
8567.1973
8611.8223
8496.4922
8554.5000
8687.0830
8845.0684
8565.6602
8589.4512
8610.1699
8617.8398
8529.3486
8311.3965
9156.7266
8383.0137
8840.4785
8303.7012
8597.7891
8513.9697
8482.9629
8738.5117
8634.0674
8837.3965
8353.3896
8713.3701
8379.6377
8702.2842
8479.4014
8673.9121
8495.2646
8622.4873
8420.8477
8383.2500
8035.4326
8471.8857
8417.8066
8414.3359
8629.7158
8325.6211
8284.0098
8356.4170
8321.4219
8626.7178
8260.6094
8067.6157
8620.0527
8213.4609
8382.9707
8616.4736
8623.8506
8182.9180
8561.9365
8302.1738
8197.6309
8408.9688
8422.9912
8266.2012
8402.0068
8552.4434
8459.4795
7979.3564
8478.1523
8061.9053
8499.4297
8121.7065
8101.1045
8511.6143
8105.3311
8423.4238
8496.9453
8287.9668
8538.0479
8585.8086
8224.8916
8276.4355
8108.1392
8505.1934
8109.0889
8772.1426
8534.6035
8062.1675
7937.7676
7962.4878
8280.2637
8103.9443
8081.1973
7958.0835
8211.5742
8058.1128
8249.4170
8355.0928
8286.5430
8288.4111
8544.5615
8088.7031
8479.6533
8149.5479
8587.8008
7866.4507
7606.9053
8243.3203
7896.6621
8141.6836
8039.8120
8028.3638
8197.2432
7851.7070
8139.8120
8052.8311
8035.1602
7902.2183
7916.8027
7923.9014
8010.4727
8051.9429
8030.8623
8047.7520
8189.7344
8131.9897
8092.1714
7965.5293
8063.3564
8011.9277
7724.3970
8004.0190
8011.1357
7826.5195
7809.9375
8188.1924
8121.1729
7959.0576
7886.2920
7733.1235
7801.0757
8170.3428
7808.8174
8058.2183
7760.1924
7991.7256
7949.8945
7941.3682
7953.4507
7798.2920
7659.3164
8045.7451
7652.4785
8087.1533
7671.3613
8065.1245
8015.7568
7677.9238
8097.3838
7715.5098
7461.2412
8074.0571
7468.2524
7742.6211
7818.5576
7925.5977
8060.6562
7766.5078
7956.9360
7926.5122
8002.1338
7808.1709
8243.6543
7956.1377
7999.2881
7938.5698
7744.2949
7981.9409
7701.7764
7984.2764
7472.0674
8017.5801
7594.5957
7741.1562
7728.3818
7898.3701
7989.0566
7731.3291
8007.3423
7647.4316
7948.4556
7719.9785
7937.1479
7812.9341
7863.8384
7839.1958
7822.6357
7938.2573
7748.3438
7805.1055
7833.1235
7913.7739
7829.2363
7986.0542
7936.2134
7905.7754
7905.3945
7889.8647
7817.2188
7880.5859
7848.8242
7819.1880
7797.4995
7862.2197
8273.2559
7693.5864
7538.0381
8052.3867
7618.1260
7743.0859
7582.1826
7875.9951
7734.5996
7727.8594
7883.3447
7633.0781
7783.6440
7845.8159
8025.9932
7807.8760
7936.3105
7645.8389
7946.5718
7856.2236
7767.9365
7921.5220
7658.1797
7776.1973
7439.4053
7698.1846
7583.5337
7340.5029
7824.6274
7534.1621
7738.4619
7446.2397
7415.3267
7853.0010
7483.1382
7644.8296
7513.2188
7668.6328
7707.8232
7686.0073
7636.7935
7657.6953
7664.5078
7396.2300
7535.3804
7665.7783
7890.3003
7484.9282
7445.5259
7606.1660
7661.9023
7379.1553
7548.8213
8075.3818
7736.3086
7843.2388
7859.6279
7843.1504
7717.2217
7763.2598
7972.3359
7707.9722
7659.6660
7758.1846
7904.6821
7445.0381
7840.8262
7694.5469
7610.0303
7703.3701
7732.5938
7689.1597
7666.0420
7559.9272
7632.2354
7756.8628
7708.4336
7678.5068
7924.3550
7608.8213
7860.1094
7581.8584
7443.1797
7542.2388
7578.4565
7507.9600
7725.8608
7524.9004
7537.7568
7524.2261
7433.7314
7617.1865
7675.6914
7675.8359
7597.7588
7284.0669
7386.5898
7684.6895
7419.8984
7644.5210
7430.7227
7869.3330
8119.3682
7660.5825
7867.6084
7704.5293
7965.9995
7495.3862
8059.7910
7680.6582
7910.9829
7724.6885
7368.1631
7635.2041
7530.9683
7409.8330
7559.5098
7168.0459
7526.7168
7774.1016
7301.0093
7651.6880
7576.3696
7306.2856
7324.6621
7398.1143
7381.0693
7423.8237
7435.8193
7478.9189
7517.8438
7360.1074
7368.8574
7630.2285
7373.1099
7373.5991
7369.7349
7411.5225
7482.5112
7490.9482
7466.4219
7383.2339
7328.7134
7448.6841
7532.4336
7364.8687
7024.3867
7378.0547
7224.4229
7381.4800
7320.2603
7498.8989
7632.5435
7307.7017
7414.9414
7598.5820
7420.9707
7765.0029
7462.0225
7593.1611
7455.5791
7241.6396
7214.6655
7495.6406
7502.4736
7297.3994
7395.4150
7565.3994
7678.1396
7564.4863
7370.6372
7770.1060
7605.4121
7118.2412
7319.8823
7422.0884
7358.5161
7099.9263
7359.1172
7450.7993
7254.4438
7415.3691
7441.9570
7821.9077
7153.7046
7299.7725
7520.3257
7109.2100
7616.9912
7138.3286
7346.3623
7408.9565
7367.2988
7156.0571
7555.7749
7314.4658
7436.2080
7272.1997
7210.7290
7435.3672
7359.9102
7403.5562
7431.8911
7439.0767
7190.7070
7245.0371
7602.8389
7177.1758
7447.3613
7218.5254
7324.7559
7222.0283
7219.6992
7481.5791
7271.1074
7402.4536
7709.6147
7209.8896
7472.0063
7319.7349
7413.8599
7257.6865
7204.6675
7397.5684
7327.1250
7172.1362
7251.0942
7370.8896
7176.9561
7242.6758
7504.5483
7503.0791
7805.7510
7519.5513
7384.6592
7590.9844
7579.1890
7654.4834
7525.0483
7430.7437
7581.1997
7550.9287
7305.9863
7757.3369
7166.2402
7531.6909
7242.1914
7309.4746
7306.2710
7532.0073
7445.8291
7375.1455
7375.1299
7315.3838
7372.3027
7481.7764
7399.6855
7173.8311
7372.9990
7380.3828
7493.1597
7228.8408
7115.6270
7333.2559
7245.3540
7238.2031
7334.8667
7121.1543
7307.6519
7235.8428
7123.3604
7565.1074
7549.6143
7001.3433
7173.5430
7040.4609
7456.8281
7205.5742
7293.8340
7009.5879
7359.6699
7001.5854
7025.6562
7539.2197
7214.0386
7334.2075
7400.2476
7199.1904
7255.9077
7369.6709
7301.1084
7404.7041
7402.5469
7225.6816
7566.6255
7103.3281
7352.3467
7365.2881
7383.8613
7306.3721
7335.0811
7380.5781
7375.2803
7321.6704
7129.9082
7217.3486
7183.7432
7203.4497
7366.8906
7022.9375
7468.2217
6984.5645
7301.4678
7836.4053
7850.5649
7566.5088
7711.4053
7683.6260
7610.2852
7648.6992
7908.9814
7550.1265
7383.9302
7371.3418
7484.1538
7576.8101
7366.4551
7749.5605
7538.1182
7608.2363
7340.5557
7569.3696
7455.4805
7337.5562
7201.6553
7261.2871
7264.0356
7421.0908
7468.1104
7560.1523
7116.9658
7271.2456
7089.3857
7075.7998
7021.1133
7424.6455
7020.3887
7003.5801
7195.4761
7205.9512
7200.6265
7138.9048
7240.8472
7164.3511
7470.7998
7140.1797
7621.5957
7502.2031
7142.8838
7161.7832
7034.0684
7232.0728
7175.1553
7197.7983
7289.6553
7487.7554
7159.4722
7009.3306
7181.7681
7387.0415
7169.1162
7291.9873
7237.7510
7030.5415
7176.4937
7027.6733
7482.6885
7333.3857
7234.5830
6820.9731
7478.8184
6977.2734
7055.8975
7488.5630
7335.8735
7287.7266
7346.5889
7277.5459
7249.0215
7327.5332
7178.0020
7225.4443
7127.2266
7379.5117
6602.2080
7163.7539
6900.8999
7539.8345
7068.2988
7496.8887
7093.1089
7288.3564
7378.1113
6989.3740
7256.0649
7117.4902
7221.2720
6997.9268
7380.3545
7057.0869
7346.1631
7347.5049
7242.0400
7156.9551
6954.5913
7084.6602
6978.2793
7262.4736
7068.9907
7240.9180
6887.8525
7251.1865
7231.4541
6943.4092
7122.1470
6856.0283
7293.4575
7036.9434
7418.1890
7129.3477
7282.1172
6853.2153
6845.2676
7317.3223
6977.3545
7250.7998
7184.4751
7070.6104
6871.0664
7060.5215
6823.2695
7186.4492
7177.6880
6947.1411
6988.3994
6996.4092
7079.2959
6903.9795
7066.0054
7257.9707
7198.9653
7289.8135
7387.3687
7237.2339
6852.6445
7240.9932
6920.6846
7254.6279
7095.1445
7266.1953
7309.0552
7305.0273
7352.0215
7601.1504
7048.0894
7259.9268
7291.2305
7191.3032
7182.6147
7145.6191
7357.2642
7266.4385
7170.6558
7001.8730
7255.3521
7095.9385
7415.0439
7120.2627
7261.5264
6835.7227
7263.6318
7061.8306
7159.4692
7216.8481
7449.9053
7223.8281
7333.4233
7172.6772
7435.1987
7069.3530
7230.7051
7235.3047
7195.3862
7099.7124
7475.7827
7393.9785
7364.4521
6992.4087
7494.2900
7124.0093
7304.2705
7322.9814
7248.4751
7006.5527
7146.3057
7012.6587
7044.1670
7673.1494
7155.6636
7191.4326
7440.1255
7290.2959
7640.8862
7370.2842
7667.9399
7366.1777
7595.6938
7391.5298
7606.6489
7468.9893
7311.6724
7492.0723
7390.3457
7538.8379
7478.0469
7403.8003
7555.5073
7476.3770
7546.6016
7308.6445
7564.3198
7291.4282
7005.3770
7575.7549
6936.9287
7099.1240
7034.0249
7149.0020
6952.3384
7138.4429
6945.2041
6974.3818
7096.2939
7409.3286
6887.6406
7165.4331
7010.8291
7193.7573
7107.3022
7356.6138
7339.9663
7371.8799
7350.5493
7258.0352
7271.1777
6865.7471
7308.4692
7014.1045
7099.9775
6945.2729
7382.9819
7130.5596
7283.6396
7645.0068
6900.3672
7264.8770
7284.9888
7450.8936
7372.1729
7350.8398
7508.7661
7479.5781
7272.8179
7065.4238
7155.7949
7007.4912
7294.8203
7275.7939
7183.9102
7406.8608
7057.7783
7340.0117
7208.1865
6864.9355
7028.2725
6912.1792
7484.1025
7261.0200
6836.8003
7002.5850
6867.6655
6936.6807
7189.1167
7234.4629
7265.9834
7454.3945
7272.0791
7748.3477
7220.8491
7443.6235
7108.0542
7353.5410
7153.7246
6774.6855
7344.4653
6984.1377
7097.6763
7258.5723
7086.8022
7238.9619
7158.3369
7109.6870
7167.6982
7113.8213
7060.2417
7110.7651
7182.1807
7031.8457
7509.2207
7177.0518
7351.1816
7151.8750
7168.3926
7167.8110
7168.9482
7168.9297
7169.5078
7167.2729
7167.5635
7166.9551
7168.6235
7169.4219
7170.2178
7168.0850
7167.8525
7168.6958
7167.2891
7167.6875
7168.4116
7168.6211
7168.7866
7168.4888
7169.2695
7167.3818
7168.3545
7167.8481
7167.5576
7166.4238
7168.7690
7167.1035
7166.9414
7167.4668
7169.4741
7168.2329
7169.5459
7168.9575
7168.5039
7169.0986
7168.0127
7168.4209
7168.9668
7169.2866
7166.8726
7168.2080
7167.2769
7167.7632
7169.2666
7168.5645
7169.9985
7167.9414
7168.8672
7168.4268
7168.9209
7167.3354
7168.9126
7167.9873
7168.3179
7168.2744
7169.6475
7167.9805
7167.2319
7168.1860
7168.3525
7168.1880
7168.1079
7166.9893
7167.7349
7166.0547
7169.8477
7170.1807
7167.6694
7168.2251
7167.8545
7168.0825
7169.8682
7168.2266
7166.9316
7167.1113
7166.9302
7168.0571
7169.4189
7166.3174
7167.1572
7168.3125
7167.4858
7167.6021
7166.5771
7169.2939
7168.3901
7168.6265
7167.2568
7167.0576
7167.7095
7168.3394
7168.6787
7166.6377
7167.4795
7166.1548
7168.3105
7167.5181
7168.2920
7170.6143
7168.3574
7167.5020
7169.0728
7168.2832
7168.8105
7170.3672
7169.7266
7166.9448
7168.5361
7166.3940
7167.9805
7169.1172
7169.7407
7166.6729
7167.4575
7167.6670
7168.3481
7166.8076
7169.8047
7168.5488
7169.3062
7168.3262
7168.1162
7168.5029
7168.9478
7168.0825
7167.1353
7167.2461
7168.4912
7169.3657
7167.9741
7167.8037
7168.5283
7168.6909
7168.5850
7166.6758
7168.1104
7167.9302
7168.6221
7168.4219
7167.7896
7168.7354
7168.3945
7170.6162
7169.1064
7168.6011
7168.2852
7167.3877
7168.5078
7168.9673
7168.5479
7167.0186
7169.4526
7169.6235
7167.7061
7168.4980
7167.8613
7167.3652
7167.8291
7167.7251
7168.7441
7166.1050
7167.5283
7169.7905
7169.3809
7170.1475
7168.2061
7167.0693
7167.0376
7168.9360
7167.9897
7168.0698
7167.9355
7169.6157
7167.3735
7167.3853
7166.6411
7168.5288
7165.8799
7167.2910
7168.4961
7167.7871
7168.8545
7169.1958
7168.5645
7168.3345
7167.1182
7166.4404
7167.5781
7167.8525
7167.0181
7169.1230
7167.1357
7168.2217
7167.5635
7166.1006
7167.2607
7167.3726
7168.6958
7166.8184
7167.9185
7151.3198
7168.2690
7168.3481
7168.5488
7166.7578
7167.4609
7168.1719
7169.1323
7167.1025
7169.2295
7168.1724
7167.3613
7169.2949
7167.7271
7168.9448
7167.1689
7168.3276
7167.4150
7169.6177
7167.8330
7169.8799
7168.0112
7169.2983
7167.5718
7167.9248
7169.1973
7168.7358
7168.9648
7168.5771
7165.4746
7168.2695
7166.0693
7168.6851
7168.1284
7168.3291
7167.3203
7167.0059
7168.2939
7166.5938
7167.3496
7166.6880
7167.7915
7168.7188
7167.0361
7168.2710
7169.0479
7166.7612
7167.9653
7167.9131
7168.8945
7167.7319
7166.7231
7167.8799
7168.5410
7167.4814
7166.7061
7168.2383
7167.8706
7167.9150
7169.1484
7169.2578
7168.2754
7168.8467
7167.2319
7167.6348
7168.1621
7169.3291
7167.4282
7167.2866
7168.7959
7166.9146
7168.0615
7169.1650
7169.0664
7166.7021
7167.9668
7168.0283
7168.4009
7168.7998
7167.0747
7167.7622
7169.3501
7168.9629
7168.1533
7167.3965
7168.9380
7169.6680
7168.3003
7167.2856
7166.7275
7165.5215
7166.6963
7168.0059
7167.4023
7167.6851
7169.7725
7167.4854
7168.1172
7167.6909
7167.4727
7166.7363
7167.6250
7167.6445
7167.1841
7168.5693
7168.3594
7168.8696
7168.8037
7166.6504
7168.7188
7167.4111
7168.1060
7168.3101
7168.7944
7169.6348
7168.7324
7168.7109
7166.6436
7168.9570
7169.2642
7169.2056
7167.0176
7167.2153
7169.1289
7169.5322
7167.7681
7168.2563
7167.9043
7167.3418
7167.6489
7168.1270
7166.2212
7169.8486
7169.1289
7169.6592
7167.0615
7166.7729
7169.2666
7167.9819
7170.5000
7169.2793
7169.2266
7168.5166
7167.5996
7169.1045
7168.9858
7168.2085
7166.8457
7168.8701
7168.5986
7167.8608
7168.5020
7169.5830
7168.7778
7168.6445
7167.8955
7168.3306
7168.9766
7167.1973
7166.6387
7167.2495
7167.0635
7169.6816
7169.0083
7168.9673
7168.6367
7167.9727
7167.0625
7167.8960
7167.7993
7167.8032
7167.5054
7168.8301
7168.2715
7168.3535
7168.3564
7167.6567
7167.2998
7167.8389
7167.3262
7169.0083
7166.8301
7167.7197
7168.4067
7168.7241
7168.8027
7167.5991
7168.4761
7167.2378
7167.4756
7168.5269
7166.6279
7169.1396
7167.2549
7169.2095
7169.4453
7167.3926
7169.3989
7166.9658
7166.8486
7168.2266
7168.5791
7151.4155
7170.5659
7169.9990
7167.0815
7167.7593
7168.4087
7168.9399
7167.1670
7168.9209
7168.0024
7168.6411
7168.1812
7167.7056
7168.2773
7165.5215
7168.9438
7167.9141
7167.1826
7169.0479
7168.7271
7168.9448
7167.1284
7168.5645
7166.9346
7168.8604
7167.6797
7168.3584
7167.8408
7168.5322
7168.6396
7166.7646
7167.2188
7168.3862
7167.2637
7167.8486
7167.5850
7168.7979
7167.7441
7170.2539
7168.1006
7167.5781
7168.6406
7168.4170
7169.1187
7167.7285
7168.4780
7169.1914
7168.1343
7169.2759
7167.2651
7168.1860
7167.4170
7167.0957
7168.7261
7168.6602
7166.1055
7168.7324
7167.2822
7167.4243
7167.3848
7168.8413
7167.8062
7169.5396
7167.0396
7166.6968
7169.0000
7166.3662
7167.6724
7166.6567
7169.5234
7167.3105
7169.3833
7168.9248
7167.6455
7166.6006
7168.8896
7169.2754
7167.4136
7167.6362
7168.5903
7167.7891
7168.2739
7168.5098
7167.5371
7168.5234
7169.5449
7169.7153
7167.8467
7168.8350
7166.6455
7168.1050
7167.7080
7169.9355
7168.0044
7168.6924
7169.7124
7168.2573
7167.7563
7166.0000
7167.0508
7167.6431
7168.8369
7167.8555
7169.2427
7169.9448
7168.3457
7168.1465
7166.9385
7168.9170
7167.1748
7169.1499
7167.1421
7167.6221
7166.8296
7168.7461
7165.7393
7168.2510
7168.0298
7167.8672
7166.7441
7168.1343
7168.3213
7168.2812
7168.3555
7168.7441
7169.6421
7167.6123
7169.1230
7168.8486
7168.2324
7165.7974
7168.4775
7170.4346
7166.8965
7167.0083
7169.9233
7167.8516
7169.8125
7168.8252
7168.3799
7166.7461
7168.8677
7168.2212
7168.1167
7168.0322
7167.5762
7169.0645
7167.9932
7167.8789
7168.0327
7168.0771
7166.6431
7167.2593
7167.5093
7169.4858
7170.0742
7167.9248
7168.2329
7167.7617
7167.7539
7169.0356
7168.1055
7169.0000
7169.2798
7166.5840
7167.2559
7167.1758
7167.9678
7167.0449
7168.0933
7165.9424
7169.3301
7167.6528
7168.0640
7167.2949
7167.2271
7168.4795
7167.9395
7166.6392
7167.4570
7167.6514
7167.5469
7170.2363
7168.1484
7169.0986
7169.1094
7168.5928
7168.3989
7167.7002
7168.5029
7169.2666
7168.5068
7170.2227
7167.5659
7168.8330
7168.4082
7169.3008
7168.3926
7167.3975
7167.6191
7167.6362
7168.4155
7150.7510
7165.9463
7168.2534
7169.5630
7167.7969
7168.3154
7166.5757
7167.1973
7167.5410
7167.4805
7168.3569
7168.0400
7168.5645
7167.5049
7169.5615
7166.4893
7167.4170
7167.7876
7166.7861
7167.3672
7167.9111
7168.4385
7168.3086
7169.0576
7169.3584
7168.7549
7167.1201
7168.4658
7168.8340
7166.2456
7168.7261
7167.2764
7167.6870
7168.6553
7167.5713
7168.6211
7168.6396
7168.2354
7166.3008
7169.8364
7169.0776
7169.6582
7167.6035
7168.4663
7167.3037
7167.6113
7167.3574
7168.5801
7168.5869
7168.8994
7166.9517
7166.8882
7168.7114
7168.8320
7168.2886
7167.5430
7168.7285
7167.6357
7167.7490
7167.8530
7166.8301
7167.2939
7167.6875
7167.9688
7168.0859
7167.6543
7167.7432
7169.7764
7166.1177
7170.1099
7166.3423
7167.5869
7167.7124
7169.5361
7170.3530
7168.1152
7167.0713
7168.2881
7167.7031
7168.8081
7168.0596
7166.0493
7167.8652
7168.7314
7166.4209
7166.7129
7169.0132
7169.3228
7168.5566
7168.0483
7168.2476
7168.7144
7168.9092
7166.4629
7167.7925
7166.4355
7168.0635
7168.9883
7167.5210
7167.2324
7166.7871
7167.0986
7167.5586
7168.1963
7168.5728
7168.6436
7166.7725
7167.4771
7167.0483
7167.3818
7167.2725
7168.5806
7168.8701
7168.5781
7169.8545
7170.0605
7168.4922
7167.3130
7168.5815
7167.7988
7168.3037
7167.7344
7169.4009
7169.0669
7167.6294
7170.0352
7167.1216
7168.7451
7168.4160
7169.3018
7166.9570
7168.1138
7168.6147
7168.4595
7168.3188
7166.0356
7166.6670
7167.5605
7167.6841
7166.6074
7170.4785
7167.2773
7169.1558
7167.2686
7166.8164
7169.8916
7169.4976
7169.3481
7168.7129
7167.3403
7169.3047
7167.3062
7167.5986
7168.2725
7167.3672
7167.9697
7167.6338
7167.7017
7166.5596
7168.2002
7168.6162
7168.3848
7166.2412
7168.5205
7169.6787
7167.0903
7166.3516
7166.8389
7167.6807
7169.2358
7168.3926
7166.5469
7167.6543
7167.9648
7169.1450
7166.6221
7166.7139
7168.8936
7167.2114
7167.0967
7167.9536
7167.4092
7168.2842
7167.8057
7169.0776
7168.9111
7168.6367
7168.3979
7168.7383
7169.7720
7167.2178
7168.0010
7167.9233
7169.1836
7167.3433
7167.7466
7169.4614
7168.1440
7167.8623
7168.2661
7168.5547
7168.1235
7152.1064
