10374.8389
9678.4443
6224.1978
6265.6572
6061.2100
6026.9116
6135.6104
6039.7803
5871.3379
5965.4829
5945.7715
5900.6670
4466.0469
4548.9678
4476.7046
4602.5205
4402.4160
4398.2583
4646.3857
4496.4336
4432.8311
4524.8047
4234.3711
4075.1650
3965.8154
4148.1904
4062.6743
4290.8320
4055.7097
4127.1494
4133.4131
4143.1240
4075.1985
4046.3345
3998.3228
4203.6260
4036.8425
4115.0073
4027.3899
4108.0942
4023.2124
3990.7390
4023.6733
4049.0293
3970.4790
4155.7031
3990.3259
4029.7822
4025.2678
4020.3911
4016.8125
4031.4624
4040.7659
4060.5508
3916.3965
4021.0752
3903.5771
4030.5068
4095.0718
4042.6614
3894.1062
3987.7168
3913.9292
4012.5242
3860.9902
4031.7480
4067.7739
3971.5005
3928.5071
4037.9861
3899.9680
3969.4998
3994.7783
3994.1909
3851.3955
3932.8987
3929.9648
3828.0889
3974.1025
3917.9541
3960.4365
3878.0315
3813.6875
3960.6506
3912.9155
3847.0073
3950.8420
3871.9172
3933.8352
3924.8184
3900.6226
3864.7842
3834.1353
4016.2866
3788.1106
3965.9561
3962.6914
3908.1167
3895.7856
3841.6675
3809.9331
3818.2922
3854.4355
3854.4722
3876.1995
3877.3384
3821.1465
3882.6099
3877.7764
3840.2200
3805.4854
3880.1250
3885.5342
3870.8850
3887.6587
3829.3389
3819.4961
3859.5249
3832.3120
3837.2595
3892.3979
3847.2180
3844.1172
3878.1360
3859.7119
3864.8784
3855.5698
3880.3330
3869.7031
3869.5410
3869.8574
3871.4189
3858.7039
3822.8147
3847.3909
3846.9460
3877.4409
3860.1443
3850.2378
3859.3145
3904.7051
3852.6787
3863.0322
3848.3000
3852.6675
3856.3540
3877.8828
3863.3950
3825.7988
3874.5417
3885.3330
3855.7207
3849.0352
3847.0667
3863.1704
3843.3486
3859.8875
3877.0452
3868.4546
3880.8479
3853.5681
3860.3525
3892.0596
3857.2532
3846.0410
3885.6421
3871.0176
3868.2195
3836.7820
3873.0220
3839.2083
3893.1877
3891.9158
3845.2095
3845.8950
3863.7087
3884.9897
3802.7229
3808.7007
3877.4521
3880.8599
3862.8843
3845.0994
3833.2175
3857.9404
3874.7615
3883.4473
3864.2102
3893.7859
3910.1812
3874.8408
3880.0476
3886.0056
3882.6802
3880.5901
3821.2065
3886.4468
3793.7383
3843.1404
3861.6045
3863.6641
3871.7034
3903.9194
3851.6741
3863.3423
3825.8394
