7343.7178
6516.1143
5384.9258
5288.1328
5336.4575
5556.0830
5582.7041
5532.4062
5611.5605
5597.4932
5494.5068
5493.0298
4066.2583
4016.1138
4095.3696
4043.4854
4126.1494
4085.8960
3984.0808
4004.9856
4047.5149
3965.7456
3482.1270
3431.6699
3535.5405
3508.5674
3618.7188
3502.9685
3536.6953
3584.9509
3539.3252
3412.2834
3198.7505
3322.8887
3356.2705
3304.2666
3280.5044
3251.4868
3283.4888
3291.9084
3436.2744
3368.9561
3308.2881
3114.8115
3201.4507
3180.4771
3241.8020
3128.9590
3141.7563
3133.4824
3260.6562
3264.3665
3199.8296
3020.6904
3112.5312
3080.3430
3189.2854
3110.6187
3122.0232
3158.1855
3185.9897
3134.5996
3121.0688
3164.4487
3191.8286
3114.1685
3152.4868
3146.4177
3107.1245
3157.7891
3144.7651
3196.9536
3221.6187
3075.7920
3134.1313
3140.8301
3103.8032
3097.8491
3110.2939
3124.9526
3091.4299
3048.7959
3079.8528
3163.0110
3071.5854
3143.6479
3127.2832
3101.7366
3217.5312
3140.9263
3162.8318
3195.1914
3176.3569
3132.3577
3146.7119
3107.0989
3098.9492
3053.4829
3026.9351
3166.1477
3059.6182
3101.4546
3078.0171
3092.1768
3088.6685
3037.9585
3055.9875
3082.6858
3045.1177
3069.6340
3041.4858
3040.9709
3070.2388
3062.9390
3086.4841
3066.7319
3053.3948
3076.1782
3061.6914
3079.2295
3084.4883
3067.7603
3073.4087
3065.3162
3070.8428
3061.0693
3071.0410
3050.2163
3059.8140
3054.8618
3038.1399
3050.9287
3068.8318
3056.9058
3061.2461
3063.3191
3069.1797
3086.7556
3057.1841
3058.8354
3039.5762
3050.9497
3076.1978
3091.0737
3039.0081
3033.3596
3068.2671
3080.3677
3057.2080
3031.4526
3068.5422
3054.7490
3062.8096
3050.7051
3054.2275
3054.5881
3092.0420
3083.3765
3075.3132
3050.1851
3025.9656
3060.3230
3097.6562
3070.4946
3063.5474
3060.2319
3074.6704
3043.6541
3065.9404
3051.6233
3078.5564
3073.4697
3085.2939
3075.2380
3057.0029
3034.8181
3072.3149
3026.9785
3035.5908
3046.3853
3083.9089
3061.3433
3047.7778
3041.5112
3045.1743
3044.8032
3056.1501
3051.7661
3052.1523
3079.4956
3062.8252
3077.1404
3069.8843
3049.1792
3060.8801
3056.6580
3055.4961
3076.8696
3057.3018
3083.9219
3059.1934
3078.7085
3044.5198
3065.6309
3073.2661
3043.5042
