4380.7158
4317.5508
4469.8311
4523.7886
4462.0664
4480.7500
4449.4873
4509.8560
4461.7827
4471.8379
4658.3208
4261.2988
3072.5898
3251.4292
3195.5264
3261.0645
3207.0786
3104.2471
3188.9399
3072.3367
3150.6997
3180.6807
3022.8081
2946.5889
3066.2825
2985.2415
3049.2834
2970.8989
3002.8613
2955.0483
3005.8059
2982.4482
2857.8608
2911.6316
2953.5903
2912.6255
2887.0764
2846.2563
2876.1235
2926.3872
2814.8853
2939.6143
2857.0657
2739.4033
2854.0083
2754.3833
2897.0637
2742.3147
2857.2007
2785.9531
2730.2979
2835.7598
2790.4727
2782.1455
2928.1016
2769.9707
2883.0859
2781.7656
2788.3264
2885.5552
2826.4282
2862.2964
2873.8066
2798.6294
2796.8931
2838.1296
2742.3184
2874.8589
2752.6399
2861.3484
2760.7822
2711.4958
2688.8447
2811.1304
2841.1714
2813.7588
2804.6504
2775.1941
2814.0991
2859.9302
2782.6294
2796.5781
2800.9585
2794.4014
2748.0491
2769.7190
2792.5449
2756.2573
2770.1243
2814.7854
2754.8760
2825.8154
2857.0498
2880.5859
2744.9980
2791.1050
2784.3823
2776.3716
2812.9099
2802.3147
2726.2449
2792.7500
2799.0518
2813.8347
2803.5151
2801.0034
2787.8362
2822.0376
2749.1313
2784.4338
2784.6658
2811.2744
2779.1992
2778.7598
2796.4998
2820.5532
2821.7812
2821.7349
2819.5806
2799.4814
2810.8396
2790.2383
2813.3682
2804.1260
2800.6548
2813.6631
2806.3303
2810.4258
2830.2188
2815.3232
2827.2942
2785.1819
2803.4146
2780.8550
2812.4634
2782.7822
2824.1196
2801.6389
2805.9905
2785.7507
2797.4102
2804.4272
2813.2319
2788.6924
2806.0222
2813.8704
2789.5146
2822.5347
2799.2456
2786.3574
2780.8345
2793.8530
2810.5420
2801.5142
2805.0107
2806.9204
2787.8120
2798.7336
2798.2024
2779.0352
2808.0491
2782.9319
2807.6233
2802.4558
2810.8271
2799.1614
2805.1880
2793.4141
2825.3516
2834.3770
2807.4648
2831.9277
2787.2661
2835.9897
2781.1089
2804.7163
2815.7383
2798.4456
2806.9663
2813.6543
2806.4277
2793.0464
2778.8218
2803.6626
2784.2920
2826.6050
2784.0732
2800.7256
2809.9861
2809.7529
2798.4614
2797.5781
2775.2651
2808.6162
2798.8286
2802.4460
2819.7776
2788.9912
2793.1565
2813.5205
2811.7520
2832.4297
2802.8247
2828.2754
2777.7307
2819.4678
