42.0435,63.8021
42.0436,63.8021
42.0435,63.8021
42.0435,63.8021
42.0435,63.8021
42.0435,63.8021
42.0435,63.8021
42.0435,63.8021
42.0435,63.8021
42.0435,63.8021
42.0435,63.8021
42.0435,63.8021
42.0435,63.8021
42.0435,63.8021
42.0435,63.8021
42.0435,63.8021
42.0435,63.8021
42.0435,63.8021
42.0435,63.8021
42.0435,63.8021
42.0435,63.8021
42.0435,63.8021
42.0435,63.8021
42.0435,63.8021
42.0435,63.8021
42.0435,63.8021
42.0435,63.8021
42.0435,63.8021
42.0435,63.8021
42.0435,63.8021
42.0435,63.8021
42.0435,63.8021
42.0435,63.8021
42.0435,63.8021
42.0435,63.8021
42.0435,63.8021
42.0435,63.8021
42.0435,63.8021
42.0435,63.8021
42.0435,63.8021
42.0435,63.8021
42.0435,63.8021
42.0435,63.8021
42.0435,63.8021
42.0435,63.8021
42.0435,63.8021
42.0435,63.8021
42.0435,63.8021
42.0435,63.8021
42.0435,63.8021
42.0435,63.8021
42.0435,63.8187
