15.7938,13.3857
14.2860,11.8777
14.2860,11.8777
14.8297,12.4215
13.8742,11.4659
15.8285,13.4205
13.8652,11.4567
15.3730,12.9649
13.4844,11.0761
16.7338,14.3256
13.7791,11.3707
15.5355,13.1274
15.5355,13.1274
12.9993,10.5908
16.7222,14.3141
13.2853,10.8768
16.3775,13.9693
12.8853,10.4767
16.4336,14.0255
12.8254,10.4171
16.3901,13.9820
12.7605,10.3520
12.7605,10.3520
17.2175,14.8094
12.8445,10.4361
16.2835,13.8754
12.5696,10.1609
16.1369,13.7286
12.5583,10.1498
16.0761,13.6679
12.5558,10.1474
16.0523,13.6442
16.0523,13.6442
12.4639,10.0554
15.9768,13.5686
12.6229,10.2143
16.0158,13.6078
12.5597,10.1509
16.0046,13.5965
12.5821,10.1734
16.0204,13.6124
12.5722,10.1637
12.5722,10.1637
16.7038,14.2956
12.4758,10.0673
16.1028,13.6948
12.6303,10.2217
16.0218,13.6138
12.5901,10.1814
15.9552,13.5471
12.5973,10.1889
15.5501,13.1073
15.5355,13.1274
15.5355,13.1274
15.5355,13.1274
15.5355,13.1274
15.5355,13.1274
15.5355,13.1274
15.5355,13.1274
15.5355,13.1274
15.5355,13.1274
15.5355,13.1274
15.5355,13.1274
15.5355,13.1274
15.5355,13.1274
15.5355,13.1274
15.5355,13.1274
15.5355,13.1274
15.5355,13.1274
15.5355,13.1274
15.5355,13.1274
15.5355,13.1274
15.5355,13.1274
15.5355,13.1274
15.5355,13.1274
15.5355,13.1274
15.5355,13.1274
15.5355,13.1274
15.5355,13.1274
15.5355,13.1274
15.5355,13.1274
15.5355,13.1274
15.5355,13.1274
15.5355,13.1274
15.5355,13.1274
15.5355,13.1274
15.5355,13.1274
15.5355,13.1274
15.5355,13.1274
15.5355,13.1274
15.5355,13.1274
15.5355,13.1274
15.5355,13.1274
15.5355,13.1274
15.5355,13.1274
15.5355,13.1274
15.5355,13.1274
15.5355,13.1274
15.5355,13.1274
15.5355,13.1274
15.5355,13.1274
15.5355,13.1274
15.5355,13.1274
15.5501,13.1073
15.5355,13.1274
15.5355,13.1274
15.5355,13.1274
15.5355,13.1274
15.5355,13.1274
15.5355,13.1274
15.5355,13.1274
15.5355,13.1274
15.5355,13.1274
15.5355,13.1274
15.5355,13.1274
15.5355,13.1274
15.5355,13.1274
15.5355,13.1274
15.5355,13.1274
15.5355,13.1274
15.5355,13.1274
15.5355,13.1274
15.5355,13.1274
15.5355,13.1274
15.5355,13.1274
15.5355,13.1274
15.5355,13.1274
15.5355,13.1274
15.5355,13.1274
15.5355,13.1274
15.5355,13.1274
15.5355,13.1274
15.5355,13.1274
15.5355,13.1274
15.5355,13.1274
15.5355,13.1274
15.5355,13.1274
15.5355,13.1274
15.5355,13.1274
15.5355,13.1274
15.5355,13.1274
15.5355,13.1274
15.5355,13.1274
15.5355,13.1274
15.5355,13.1274
15.5355,13.1274
15.5355,13.1274
15.5355,13.1274
15.5355,13.1274
15.5355,13.1274
15.5355,13.1274
15.5355,13.1274
15.5355,13.1274
15.5355,13.1274
15.5355,13.1274
15.5501,13.1073
