4566.3330
3481.3721
2959.7041
3287.0142
2720.7808
3949.6580
2711.2126
3629.0256
2505.0181
4622.6289
2659.5396
3734.4651
3404.7480
2079.3167
4195.7783
2205.2788
3953.7788
2030.3833
3992.3110
2005.2380
3962.3770
1978.1417
1845.5508
4539.5200
1881.8959
3831.9451
1766.8242
3727.6826
1762.0881
3684.7788
1760.8799
3667.7134
3515.3286
1738.2654
3467.3662
1797.8037
3491.3064
1773.5645
3483.6958
1781.8060
3493.1038
1777.8533
1696.6195
3995.6147
1659.0479
3571.1714
1719.5352
3515.9822
1703.3438
3470.7805
1705.9541
3731.9102
3734.4651
3734.4651
3734.4651
3734.4651
3734.4651
3734.4651
3734.4651
3734.4651
3734.4651
3734.4651
3734.4651
3734.4651
3734.4651
3734.4651
3734.4651
3734.4651
3734.4651
3734.4651
3734.4651
3734.4651
3734.4651
3734.4651
3734.4651
3734.4651
3734.4651
3734.4651
3734.4651
3734.4651
3734.4651
3734.4651
3734.4651
3734.4651
3734.4651
3734.4651
3734.4651
3734.4651
3734.4651
3734.4651
3734.4651
3734.4651
3734.4651
3734.4651
3734.4651
3734.4651
3734.4651
3734.4651
3734.4651
3734.4651
3734.4651
3734.4651
3734.4651
3731.9102
3734.4651
3734.4651
3734.4651
3734.4651
3734.4651
3734.4651
3734.4651
3734.4651
3734.4651
3734.4651
3734.4651
3734.4651
3734.4651
3734.4651
3734.4651
3734.4651
3734.4651
3734.4651
3734.4651
3734.4651
3734.4651
3734.4651
3734.4651
3734.4651
3734.4651
3734.4651
3734.4651
3734.4651
3734.4651
3734.4651
3734.4651
3734.4651
3734.4651
3734.4651
3734.4651
3734.4651
3734.4651
3734.4651
3734.4651
3734.4651
3734.4651
3734.4651
3734.4651
3734.4651
3734.4651
3734.4651
3734.4651
3734.4651
3734.4651
3734.4651
3734.4651
3731.9102
