14.8795,12.7380
14.4098,12.2690
14.4098,12.2690
15.4056,13.2638
14.4264,12.2853
14.6378,12.4967
14.6755,12.5344
14.6034,12.4620
14.6833,12.5421
14.6487,12.5076
14.6756,12.5344
14.6124,12.4712
14.6124,12.4712
14.6729,12.5315
14.5891,12.4479
14.6611,12.5197
14.6726,12.5315
14.5932,12.4522
14.7285,12.5872
14.4130,12.2721
15.1027,12.9611
13.8469,11.7065
13.8469,11.7065
16.1302,13.9877
14.2477,12.1070
14.9137,12.7722
14.4804,12.3395
14.7128,12.5716
14.5748,12.4335
14.5790,12.4380
14.6833,12.5420
14.6346,12.4935
14.6346,12.4935
14.6074,12.4662
14.6516,12.5104
14.6316,12.4905
14.6098,12.4685
14.6482,12.5069
14.5961,12.4549
14.6517,12.5104
14.5379,12.3966
14.6125,12.4714
14.6125,12.4714
14.6980,12.5567
14.5500,12.4090
14.6226,12.4814
14.6008,12.4597
14.7180,12.5768
14.5397,12.3987
14.6228,12.4816
14.6398,12.4988
15.1188,12.9564
15.1027,12.9611
15.1027,12.9611
15.1027,12.9611
15.1027,12.9611
15.1027,12.9611
15.1027,12.9611
15.1027,12.9611
15.1027,12.9611
15.1027,12.9611
15.1027,12.9611
15.1027,12.9611
15.1027,12.9611
15.1027,12.9611
15.1027,12.9611
15.1027,12.9611
15.1027,12.9611
15.1027,12.9611
15.1027,12.9611
15.1027,12.9611
15.1027,12.9611
15.1027,12.9611
15.1027,12.9611
15.1027,12.9611
15.1027,12.9611
15.1027,12.9611
15.1027,12.9611
15.1027,12.9611
15.1027,12.9611
15.1027,12.9611
15.1027,12.9611
15.1027,12.9611
15.1027,12.9611
15.1027,12.9611
15.1027,12.9611
15.1027,12.9611
15.1027,12.9611
15.1027,12.9611
15.1027,12.9611
15.1027,12.9611
15.1027,12.9611
15.1027,12.9611
15.1027,12.9611
15.1027,12.9611
15.1027,12.9611
15.1027,12.9611
15.1027,12.9611
15.1027,12.9611
15.1027,12.9611
15.1027,12.9611
15.1027,12.9611
15.1027,12.9611
15.1188,12.9564
15.1027,12.9611
15.1027,12.9611
15.1027,12.9611
15.1027,12.9611
15.1027,12.9611
15.1027,12.9611
15.1027,12.9611
15.1027,12.9611
15.1027,12.9611
15.1027,12.9611
15.1027,12.9611
15.1027,12.9611
15.1027,12.9611
15.1027,12.9611
15.1027,12.9611
15.1027,12.9611
15.1027,12.9611
15.1027,12.9611
15.1027,12.9611
15.1027,12.9611
15.1027,12.9611
15.1027,12.9611
15.1027,12.9611
15.1027,12.9611
15.1027,12.9611
15.1027,12.9611
15.1027,12.9611
15.1027,12.9611
15.1027,12.9611
15.1027,12.9611
15.1027,12.9611
15.1027,12.9611
15.1027,12.9611
15.1027,12.9611
15.1027,12.9611
15.1027,12.9611
15.1027,12.9611
15.1027,12.9611
15.1027,12.9611
15.1027,12.9611
15.1027,12.9611
15.1027,12.9611
15.1027,12.9611
15.1027,12.9611
15.1027,12.9611
15.1027,12.9611
15.1027,12.9611
15.1027,12.9611
15.1027,12.9611
15.1027,12.9611
15.1027,12.9611
15.1188,12.9564
