4631.3604
4251.7930
3525.5928
4245.8818
3539.8909
3686.2634
3713.8682
3664.8105
3722.1104
3699.3765
3719.7407
3677.2036
3265.0903
3305.1001
3253.3635
3300.6113
3309.6482
3260.6025
3348.6245
3150.7056
3599.9209
2816.6775
2597.5193
4077.2178
2826.6265
3234.0278
2965.4961
3108.2678
3023.5706
3026.7156
3091.3809
3061.7947
2893.7124
2878.5254
2904.2886
2893.3149
2881.1902
2903.7495
2874.3647
2906.7356
2842.0884
2885.1201
2773.9634
2822.3733
2740.1177
2780.9023
2769.1934
2835.5229
2736.1804
2782.7629
2792.7422
3602.9717
3599.9209
3599.9209
3599.9209
3599.9209
3599.9209
3599.9209
3599.9209
3599.9209
3599.9209
3599.9209
3599.9209
3599.9209
3599.9209
3599.9209
3599.9209
3599.9209
3599.9209
3599.9209
3599.9209
3599.9209
3599.9209
3599.9209
3599.9209
3599.9209
3599.9209
3599.9209
3599.9209
3599.9209
3599.9209
3599.9209
3599.9209
3599.9209
3599.9209
3599.9209
3599.9209
3599.9209
3599.9209
3599.9209
3599.9209
3599.9209
3599.9209
3599.9209
3599.9209
3599.9209
3599.9209
3599.9209
3599.9209
3599.9209
3599.9209
3599.9209
3599.9209
3602.9717
3599.9209
3599.9209
3599.9209
3599.9209
3599.9209
3599.9209
3599.9209
3599.9209
3599.9209
3599.9209
3599.9209
3599.9209
3599.9209
3599.9209
3599.9209
3599.9209
3599.9209
3599.9209
3599.9209
3599.9209
3599.9209
3599.9209
3599.9209
3599.9209
3599.9209
3599.9209
3599.9209
3599.9209
3599.9209
3599.9209
3599.9209
3599.9209
3599.9209
3599.9209
3599.9209
3599.9209
3599.9209
3599.9209
3599.9209
3599.9209
3599.9209
3599.9209
3599.9209
3599.9209
3599.9209
3599.9209
3599.9209
3599.9209
3599.9209
3599.9209
3599.9209
3602.9717
