58457.8047
1270.2590
579.6616
7532.8306
6909.4043
11612.4395
8844.4990
8627.1562
9565.3623
10620.0098
11320.9609
11189.6494
6437.2393
6238.0547
6340.8027
6886.0503
7377.3828
6177.1885
6837.5811
7030.6191
5956.6113
6293.3350
5375.4980
5335.7495
5711.6914
5647.6172
5817.8374
5287.3516
5783.0684
7220.3374
6286.9229
6825.6973
6815.3164
6313.8750
6356.3428
6567.2163
6233.4741
6729.6699
6063.9473
6226.7920
6485.4873
6239.2114
6049.1260
5737.2646
5941.4854
5746.1729
5862.8760
5744.0181
5363.2900
5550.0444
5732.2236
5195.8311
5183.2988
5419.1792
4201.6670
4908.7983
4551.2139
4725.9292
4519.6265
4772.2944
4922.8789
4497.0742
4418.6191
4848.7368
4815.8872
4622.3428
4798.2520
4930.0972
4751.4756
4914.9858
4634.2700
5036.1558
4977.4814
4930.5474
4637.8223
4861.3369
4972.2227
4783.9688
4904.3916
4960.5054
4939.7026
4939.7104
4909.9604
4857.8271
4820.3896
4595.3555
4792.4868
4914.7847
4971.5576
4766.8262
4871.8789
4922.8794
4909.0610
4658.2261
4683.4287
4777.8618
4785.6670
4989.6216
4716.3906
4660.5918
4697.4116
4828.9688
4773.7319
4775.4561
4821.7959
4740.4497
4694.4648
4736.1401
4823.4404
4829.0200
4657.7280
4854.9839
4838.8218
4741.6309
4656.9507
4714.0811
4507.6514
4905.3135
4624.5869
4662.8169
4764.7920
4650.6104
4821.3359
4712.8350
4932.3252
4966.7832
4891.2158
4971.8979
4750.9072
4747.9395
4758.6665
4655.5010
4435.1694
4621.5498
4530.1455
4688.6924
4452.8135
4523.2910
4485.0884
4389.6328
4468.0078
4364.5654
4368.7065
4552.3105
4438.3516
4517.8540
4508.7798
4615.8799
4440.4258
4451.2988
4564.8926
4511.3154
4486.8623
4401.6948
4320.6660
4305.0083
4319.1748
4455.0801
4441.9668
4384.7148
4404.3721
4346.4082
4312.8174
4299.4849
4359.7842
4384.5947
4241.6035
4291.0186
4357.3540
4357.2832
4231.6104
4256.7471
4335.4941
4546.8115
4328.2959
4447.4404
4397.5635
4430.9766
4391.8325
4413.7153
4391.2451
4380.1221
4319.2334
4344.8818
4402.1426
4378.3857
4261.5781
4207.2866
4352.3579
4286.0938
4381.2197
4344.4302
4339.0928
4247.4233
4218.3848
4401.0635
4188.8613
4432.8955
4354.3105
4301.8262
4330.4219
4375.0000
4385.3027
4395.0186
4411.2441
4388.5293
4389.2080
4378.5752
4420.3159
4383.8481
4373.2637
4379.3003
4374.4639
4374.1201
4387.4966
4402.9482
4390.9370
4403.1978
4393.3564
4366.9639
4398.8662
4404.4888
4398.3433
4385.7515
4410.2329
4397.5874
4403.0166
4401.3027
4381.1694
4381.9429
4383.8135
4393.6611
4376.6270
4379.5098
4369.4561
4391.1641
4387.6440
4392.6353
4392.0244
4420.3555
4393.5620
4408.5698
4368.7607
4375.7129
4387.4722
4393.9316
4386.1978
4386.5317
4397.0391
4387.0996
4407.3125
4382.0332
4382.1719
4374.1040
4364.7061
4402.2310
4388.6738
4397.1226
4377.3281
4399.6240
4401.0889
4386.5415
4389.4429
4395.1377
4398.9624
4383.5669
4377.2939
4388.5132
4392.2119
4394.2729
4390.4131
4377.8203
4402.4346
4391.3335
4381.1494
4396.3843
4383.2588
4396.0117
4399.5898
4385.9912
4400.4072
4397.4053
4381.2739
4397.4268
4365.6963
4398.1138
4383.8203
4396.9731
4404.4502
4387.0664
4408.5127
4394.2974
4384.1865
4371.8452
4372.0728
4390.9683
4382.9082
4360.8818
4399.5093
4387.5508
4377.9951
4402.1167
4391.1621
4384.3164
4380.5127
4386.8369
