26.8404,24.5044
6.3603,4.0553
6.3603,4.0553
9.5907,7.2810
15.8002,13.4812
8.2663,5.9585
16.3751,14.0554
7.9841,5.6768
16.2238,13.9047
8.0818,5.7743
16.4631,14.1437
7.9580,5.6509
7.9580,5.6509
17.0552,14.7348
7.6496,5.3427
15.0624,12.7447
8.7368,6.4280
14.3150,11.9986
9.5322,7.2226
15.0459,12.7285
8.7611,6.4523
14.3830,12.0664
14.3830,12.0664
9.0048,6.6957
14.2684,11.9519
9.5725,7.2625
15.1023,12.7843
8.7232,6.4144
14.7337,12.4165
8.9409,6.6319
14.5652,12.2485
9.1447,6.8356
9.1447,6.8356
15.2996,12.9817
8.6223,6.3139
15.0783,12.7611
8.7625,6.4538
15.0682,12.7518
8.7396,6.4310
14.9068,12.5899
8.8155,6.5067
14.7151,12.3979
14.7151,12.3979
8.7602,6.4519
14.4868,12.1706
9.2535,6.9442
15.1175,12.8000
8.7519,6.4433
14.5908,12.2747
9.1411,6.8320
15.0144,12.6978
8.7534,6.4448
8.7534,6.4448
15.7475,13.4293
8.4482,6.1401
15.5736,13.2558
8.5530,6.2452
15.4978,13.1801
8.5181,6.2105
15.2240,12.9065
8.6532,6.3451
14.7905,12.4732
14.7905,12.4732
8.7693,6.4609
14.7348,12.4181
9.0989,6.7900
14.5189,12.2020
9.3987,7.0892
14.6069,12.2897
9.3003,6.9907
14.5291,12.2116
9.3973,7.0874
9.3973,7.0874
15.3287,13.0098
8.6857,6.3768
14.9256,12.6071
8.9908,6.6816
14.7344,12.4159
9.2208,6.9110
14.6243,12.3056
9.4406,7.1302
14.7023,12.3831
14.7023,12.3831
8.9346,6.6246
14.0240,11.7053
10.6131,8.3002
15.1608,12.8404
8.9645,6.6545
14.0449,11.7260
10.7447,8.4312
15.1635,12.8424
9.0866,6.7759
9.0866,6.7759
14.9251,12.6037
9.4680,7.1568
14.3138,11.9935
10.6175,8.3038
14.8711,12.5495
9.7221,7.4098
14.4230,12.1021
10.5835,8.2698
14.9015,12.5799
14.9015,12.5799
9.2660,6.9545
13.8690,11.5495
12.0818,9.7656
14.4429,12.1224
10.5863,8.2731
15.1446,12.8230
9.6326,7.3209
14.4537,12.1334
10.8979,8.5838
10.8979,8.5838
15.3722,13.0502
9.5512,7.2396
14.1903,11.8704
11.7839,9.4683
14.6231,12.3025
10.7419,8.4281
14.7903,12.4694
10.6479,8.3347
14.6043,12.2838
14.6043,12.2838
10.3780,8.0651
14.3946,12.0746
11.8564,9.5405
14.5673,12.2470
11.3040,8.9893
14.7147,12.3940
11.1704,8.8557
14.5832,12.2627
11.6641,9.3490
11.6641,9.3490
15.1559,12.8346
10.5481,8.2345
14.3243,12.0043
12.7192,10.4020
14.1420,11.8224
12.6732,10.3560
14.5891,12.2688
11.6665,9.3514
14.9282,12.6076
14.9282,12.6076
10.5546,8.2409
14.4304,12.1106
12.8776,10.5603
14.1376,11.8181
13.0924,10.7745
14.3020,11.9825
12.6113,10.2943
14.8751,12.5545
11.5542,9.2390
11.5542,9.2390
15.4349,13.1134
10.9216,8.6076
14.4676,12.1477
13.3840,11.0658
13.8559,11.5372
14.1166,11.7971
13.1263,10.8089
14.9649,12.6442
11.7288,9.4133
11.7288,9.4133
15.5927,13.2708
11.1235,8.8091
14.5232,12.2033
13.9154,11.5965
13.4503,11.1322
15.1743,12.8533
11.6943,9.3790
15.0491,12.7283
12.7672,10.4503
12.7672,10.4503
15.1419,12.8212
12.5317,10.2151
14.8454,12.5249
13.4071,11.0889
14.5347,12.2146
13.8952,11.5764
14.3391,12.0194
14.1432,11.8239
14.1791,11.8598
14.1791,11.8598
14.4378,12.1182
13.9013,11.5827
14.8442,12.5240
13.3535,11.0360
15.2785,12.9576
12.8141,10.4972
15.2758,12.9549
13.2644,10.9470
15.0689,12.7483
15.0689,12.7483
13.1943,10.8771
15.2424,12.9220
13.5536,11.2357
15.1270,12.8066
13.9034,11.5852
15.0100,12.6900
14.1486,11.8297
14.9408,12.6208
14.3197,12.0007
14.3197,12.0007
15.1101,12.7900
14.0021,11.6837
15.4202,13.0998
13.5902,11.2727
15.6939,13.3731
13.4299,11.1126
15.6135,13.2927
13.8768,11.5589
15.4467,13.1265
15.4467,13.1265
13.6900,11.3724
15.7535,13.4327
13.7991,11.4812
15.6538,13.3332
14.1805,11.8623
15.5272,13.2068
14.4648,12.1460
15.4378,13.1178
14.6572,12.3382
14.6572,12.3382
15.6915,13.3711
14.2074,11.8894
16.0206,13.6999
13.8187,11.5010
16.1367,13.8160
13.8780,11.5603
16.0421,13.7213
14.2876,11.9695
15.8860,13.5655
15.8860,13.5655
14.0480,11.7304
16.2379,13.9171
14.0515,11.7339
16.1811,13.8602
14.4088,12.0906
16.0249,13.7043
14.7385,12.4201
15.9619,13.6415
14.8016,12.4829
14.8016,12.4829
16.5116,14.1906
13.7658,11.4486
16.6291,14.3079
14.0338,11.7163
16.3994,14.0787
14.6066,12.2886
16.1753,13.8551
15.0530,12.7341
16.0111,13.6909
16.0111,13.6909
14.9012,12.5826
16.4434,14.1227
14.4688,12.1509
16.8076,14.4864
14.0201,11.7029
16.8126,14.4915
14.3093,11.9916
16.6968,14.3759
14.5854,12.2676
14.5854,12.2676
17.2606,14.9389
13.5967,11.2803
16.8011,14.4804
14.8085,12.4904
16.4181,14.0977
15.4313,13.1124
16.0897,13.7698
15.8926,13.5730
15.7368,13.4175
15.7368,13.4175
16.4847,14.1643
14.8678,12.5496
17.3032,14.9821
13.7997,11.4832
17.2717,14.9504
14.2237,11.9064
17.0469,14.7258
14.7031,12.3854
16.9181,14.5973
16.9181,14.5973
14.2334,11.9164
17.1335,14.8124
14.7047,12.3872
16.9653,14.6446
15.0537,12.7357
16.8591,14.5387
15.2488,12.9305
16.8723,14.5518
15.2058,12.8875
15.2058,12.8875
17.6405,15.3191
13.8309,11.5148
17.4170,15.0958
14.5582,12.2409
17.1951,14.8743
14.9481,12.6305
17.0857,14.7651
15.1737,12.8556
17.0702,14.7494
17.0702,14.7494
14.5457,12.2286
17.4286,15.1074
14.6706,12.3533
17.2977,14.9770
15.0203,12.7026
17.1766,14.8561
15.2820,12.9637
17.1294,14.8088
15.3028,12.9846
15.3028,12.9846
17.8927,15.5711
13.9875,11.6713
17.5738,15.2527
14.7858,12.4683
17.3626,15.0419
15.1866,12.8686
17.2891,14.9684
15.2822,12.9642
17.3181,14.9973
17.3181,14.9973
14.5709,12.2537
17.5912,15.2704
14.8855,12.5681
17.4389,15.1181
15.2257,12.9078
17.3958,15.0751
15.2594,12.9415
17.4940,15.1733
15.0217,12.7041
15.0217,12.7041
18.3706,16.0486
13.7884,11.4724
17.8022,15.4812
14.7506,12.4334
17.5288,15.2080
15.3580,13.0400
17.2994,14.9789
15.7467,13.4282
17.1752,14.8550
17.1752,14.8550
15.3327,13.0149
17.7086,15.3878
14.8908,12.5734
17.7517,15.4306
14.9840,12.6666
17.6808,15.3601
15.1832,12.8656
17.6127,15.2918
15.3020,12.9842
15.3020,12.9842
18.3554,16.0336
14.0713,11.7550
17.8567,15.5356
14.9730,12.6555
17.6974,15.3768
15.3249,13.0071
17.5694,15.2486
15.5694,13.2515
17.5205,15.1998
17.5205,15.1998
14.9199,12.6027
17.8758,15.5548
15.0299,12.7127
17.7323,15.4114
15.3822,13.0647
17.7036,15.3830
15.3889,13.0714
17.7550,15.4341
15.2845,12.9669
15.2845,12.9669
18.5770,16.2552
14.0700,11.7540
18.0623,15.7413
14.8770,12.5600
17.9165,15.5955
15.1953,12.8780
17.8131,15.4922
15.3780,13.0605
17.7411,15.4204
17.7411,15.4204
14.7805,12.4636
17.9014,15.5804
15.3159,12.9985
17.7958,15.4749
15.4878,13.1700
17.8099,15.4892
15.4391,13.1214
17.8755,15.5546
15.3291,13.0117
15.3291,13.0117
18.6766,16.3546
14.1331,11.8172
18.1195,15.7984
15.0081,12.6911
17.9771,15.6562
15.3399,13.0223
17.8481,15.5275
15.5495,13.2318
17.8124,15.4917
17.8124,15.4917
14.8920,12.5753
17.9987,15.6778
15.3227,13.0053
17.9258,15.6050
15.4809,13.1634
17.9378,15.6172
15.4188,13.1012
17.9942,15.6735
15.3412,13.0238
15.3412,13.0238
18.8022,16.4803
14.1819,11.8660
18.2524,15.9314
14.9770,12.6603
18.1323,15.8112
15.2169,12.8998
18.0032,15.6824
15.4731,13.1556
17.9538,15.6331
17.9538,15.6331
14.8516,12.5349
18.0741,15.7532
15.3881,13.0706
18.0223,15.7016
15.4839,13.1665
18.0257,15.7050
15.4719,13.1545
18.0775,15.7568
15.3991,13.0818
15.3991,13.0818
18.8407,16.5189
14.2678,11.9518
18.2986,15.9774
15.0624,12.7454
18.1774,15.8565
15.3235,13.0064
18.0657,15.7448
15.5687,13.2511
18.0315,15.7108
18.0315,15.7108
14.8580,12.5414
18.1594,15.8386
15.4049,13.0877
18.1282,15.8074
15.4412,13.1240
18.1596,15.8388
15.3927,13.0753
18.1815,15.8607
15.3734,13.0560
15.3734,13.0560
18.9673,16.6456
14.2834,11.9676
18.3461,16.0249
15.1139,12.7969
18.2438,15.9231
15.3641,13.0470
18.1451,15.8246
15.5639,13.2465
18.1542,15.8334
18.1542,15.8334
14.8264,12.5099
18.1879,15.8671
15.5020,13.1846
18.1671,15.8463
15.5068,13.1896
18.2344,15.9135
15.3694,13.0524
18.2202,15.8993
15.4758,13.1587
15.4758,13.1587
18.9695,16.6477
14.3448,12.0289
18.3883,16.0673
15.1779,12.8612
18.2999,15.9791
15.3912,13.0739
18.1873,15.8665
15.6607,13.3433
18.1159,15.7953
18.1159,15.7953
15.0027,12.6859
18.2514,15.9306
15.5806,13.2632
18.1671,15.8463
15.6758,13.3585
18.2026,15.8821
15.5744,13.2569
18.3126,15.9917
15.3872,13.0702
15.3872,13.0702
19.1343,16.8126
14.3324,12.0165
18.5252,16.2043
15.0294,12.7127
18.3762,16.0553
15.3692,13.0520
18.2524,15.9317
15.6667,13.3491
18.3919,16.0613
18.3706,16.0486
18.3706,16.0486
18.3706,16.0486
18.3706,16.0486
18.3706,16.0486
18.3706,16.0486
18.3706,16.0486
18.3706,16.0486
18.3706,16.0486
18.3706,16.0486
18.3706,16.0486
18.3706,16.0486
18.3706,16.0486
18.3706,16.0486
18.3706,16.0486
18.3706,16.0486
18.3706,16.0486
18.3706,16.0486
18.3706,16.0486
18.3706,16.0486
18.3706,16.0486
18.3706,16.0486
18.3706,16.0486
18.3706,16.0486
18.3706,16.0486
18.3706,16.0486
18.3706,16.0486
18.3706,16.0486
18.3706,16.0486
18.3706,16.0486
18.3706,16.0486
18.3706,16.0486
18.3706,16.0486
18.3706,16.0486
18.3706,16.0486
18.3706,16.0486
18.3706,16.0486
18.3706,16.0486
18.3706,16.0486
18.3706,16.0486
18.3706,16.0486
18.3706,16.0486
18.3706,16.0486
18.3706,16.0486
18.3706,16.0486
18.3706,16.0486
18.3706,16.0486
18.3706,16.0486
18.3706,16.0486
18.3706,16.0486
18.3706,16.0486
18.3919,16.0613
18.3706,16.0486
18.3706,16.0486
18.3706,16.0486
18.3706,16.0486
18.3706,16.0486
18.3706,16.0486
18.3706,16.0486
18.3706,16.0486
18.3706,16.0486
18.3706,16.0486
18.3706,16.0486
18.3706,16.0486
18.3706,16.0486
18.3706,16.0486
18.3706,16.0486
18.3706,16.0486
18.3706,16.0486
18.3706,16.0486
18.3706,16.0486
18.3706,16.0486
18.3706,16.0486
18.3706,16.0486
18.3706,16.0486
18.3706,16.0486
18.3706,16.0486
18.3706,16.0486
18.3706,16.0486
18.3706,16.0486
18.3706,16.0486
18.3706,16.0486
18.3706,16.0486
18.3706,16.0486
18.3706,16.0486
18.3706,16.0486
18.3706,16.0486
18.3706,16.0486
18.3706,16.0486
18.3706,16.0486
18.3706,16.0486
18.3706,16.0486
18.3706,16.0486
18.3706,16.0486
18.3706,16.0486
18.3706,16.0486
18.3706,16.0486
18.3706,16.0486
18.3706,16.0486
18.3706,16.0486
18.3706,16.0486
18.3706,16.0486
18.3706,16.0486
18.3919,16.0613
