58378.0781
1319.3358
970.6848
3327.9048
13165.5195
2155.9531
14467.9619
1944.0063
14113.7598
2015.5599
14666.4268
1924.9265
1482.3043
13745.2842
1309.8652
9731.9238
1977.9744
8432.3652
2577.7563
9697.7168
1994.4600
8542.4883
6981.4404
1692.2571
6819.9043
2046.4962
8052.7144
1531.9458
7489.3413
1654.6924
7239.7080
1775.2058
1543.1716
7642.7041
1276.7615
7303.8931
1344.1039
7280.2021
1332.9602
7059.5664
1371.0269
6791.1821
6084.3403
1213.3978
5782.1484
1441.6946
6583.7490
1209.2000
5903.4585
1386.6000
6446.1279
1209.9042
1107.7209
7097.1558
988.3234
6846.3008
1027.2181
6735.3521
1012.4948
6366.0732
1064.9973
5826.3979
5313.9702
1059.0378
5243.4824
1185.0896
5010.7754
1308.4982
5103.9521
1266.8333
5020.7466
1307.3217
1212.8986
5684.0269
947.7902
5201.7178
1053.2502
4982.5215
1136.2310
4858.3750
1221.9220
4934.0781
4596.1113
1012.9673
3958.8516
1685.7329
5028.8379
1019.5447
3960.3721
1741.8420
5000.4023
1053.5774
988.2421
4629.4219
1114.9025
4044.0098
1578.1211
4546.7188
1199.5176
4116.4580
1554.5438
4554.7900
4287.0469
1044.3789
3429.9370
2253.3394
3876.8960
1522.0123
4477.3242
1158.7928
3866.5132
1648.7170
1579.0852
4573.6274
1068.7722
3544.1670
1988.6680
3881.9443
1500.1038
4010.4919
1457.5601
3841.1353
3712.2573
1356.7269
3539.1716
1978.5210
3657.4099
1718.6318
3758.4651
1656.1833
3643.8618
1870.1362
1825.2456
4061.5723
1356.0222
3394.2358
2352.0549
3251.1165
2319.6711
3569.3457
1804.8564
3820.7397
3739.4832
1385.3513
3367.3369
2406.8232
3158.5210
2518.3472
3259.9990
2255.0054
3653.6982
1756.4709
1715.1074
4101.1138
1453.5099
3344.4021
2632.7825
2919.8374
3085.4185
2471.3491
3676.8452
1765.1813
1747.9598
4222.2642
1484.8586
3358.4497
2930.5537
2630.9058
3828.1611
1707.7532
3711.9927
2220.1973
2213.1216
3732.8730
2082.3438
3492.3848
2544.5842
3254.8362
2826.6438
3106.7373
2971.1152
2987.6094
2959.8135
3115.7703
2779.5386
3368.4468
2460.0020
3653.2788
2173.3901
3631.8809
2389.5613
3468.6609
3449.5750
2359.9985
3547.9661
2532.3499
3453.4177
2708.0762
3360.4277
2832.0010
3299.9878
2916.6384
2910.4263
3391.4917
2716.6182
3580.6997
2484.4399
3750.6191
2391.7480
3676.4966
2611.7329
3546.0808
3538.7180
2515.0942
3725.3591
2559.5977
3641.1785
2748.8350
3541.3545
2892.8281
3468.1094
2989.1321
2985.1323
3620.8086
2721.5857
3827.2051
2507.4009
3891.0098
2527.4844
3809.3784
2731.6875
3688.2915
3680.1704
2611.0349
3899.5259
2603.1885
3846.1267
2778.2661
3728.2434
2946.4004
3673.4084
2970.7627
2962.6221
4042.0776
2409.7036
4111.3237
2533.9954
3936.7549
2825.4390
3771.4165
3066.1758
3650.1587
3643.4475
2979.2405
3913.7727
2739.8403
4150.2632
2508.0176
4141.9014
2643.3633
4050.6418
2777.2456
2761.6912
4484.4482
2260.4600
4134.4180
2868.2139
3855.9827
3218.7771
3626.2908
3494.2646
3391.5508
3383.7793
3855.6731
2876.6221
4418.3203
2336.1221
4385.4414
2532.6355
4214.8965
2770.1372
4115.2466
4100.7124
2566.1870
4238.2007
2791.8513
4115.4761
2966.4863
4036.0908
3064.6353
4036.1067
3035.0945
3010.8364
4604.3281
2306.6392
4429.4580
2654.1179
4261.0337
2853.2061
4175.4590
2970.6829
4156.4316
4130.8315
2670.0955
4369.1162
2726.9495
4271.4536
2899.5254
4181.8647
3032.3638
4142.7881
3038.3630
3015.9924
4718.8281
2343.2183
4472.7070
2729.6807
4313.1313
2938.3889
4254.0205
2986.2485
4267.8696
4239.2754
2652.8704
4421.1714
2803.4612
4310.0195
2973.5747
4274.6787
2987.0874
4335.8340
2860.4585
2823.3425
5045.9307
2218.4883
4598.3672
2675.2144
4390.7739
2995.8145
4220.1128
3213.3101
4126.7031
4096.3599
2998.1379
4455.4458
2768.0562
4480.4346
2811.4814
4425.7412
2909.7373
4373.1885
2968.0640
2941.8916
4964.8105
2324.4736
4577.8296
2761.1238
4456.2002
2945.1802
4358.4150
3076.9504
4318.2383
4286.9043
2767.1621
4528.4678
2818.9709
4423.6968
2996.0505
4399.5234
2996.4524
4430.4932
2939.2627
2904.7085
5103.4785
2300.5103
4697.3789
2686.4172
4584.2485
2849.6255
4503.5493
2945.2571
4446.4941
4402.1841
2684.7170
4509.3076
2947.1650
4432.2812
3033.5029
4438.1318
3005.3713
4479.5156
2946.0762
2905.6475
5139.6455
2312.1660
4701.0928
2732.8179
4591.2715
2904.8926
4492.4521
3016.6130
4462.4370
4420.0996
2719.7578
4545.9673
2930.6711
4491.8423
3009.7166
4496.8037
2975.2197
4532.6074
2933.3008
2891.3545
5209.6826
2317.2014
4773.0186
2697.7866
4679.2363
2819.9458
4579.5293
2954.8040
4539.6885
4490.7578
2686.9690
4571.5083
2948.9417
4532.4912
2996.0532
4531.7085
2987.7722
4564.8032
2948.5024
2904.2778
5206.6831
2342.3818
4777.0166
2724.7874
4682.9429
2858.9778
4596.4995
2988.9180
4568.1689
4519.6689
2676.2874
4606.2705
2942.3970
4581.9702
2959.1064
4601.2153
2932.6284
4613.8496
2921.1255
2874.2913
5280.1006
2336.9390
4786.4219
2736.2388
4706.9795
2864.9478
4630.3525
2970.3198
4634.2705
4583.3213
2647.6531
4604.2026
2976.7722
4587.4668
2977.6963
4632.2979
2906.4219
4619.6636
2958.6108
2914.8481
5250.2954
2354.9802
4790.7373
2756.4268
4722.0405
2865.7913
4635.2354
3008.8701
4579.7920
4535.1592
2717.6970
4627.5776
3002.6096
4566.2480
3050.3928
4588.7920
2996.2544
4663.9448
2899.9707
2854.3855
5373.7090
2336.1382
4884.0625
2667.9409
4767.9648
2841.2683
4672.4062
2999.3354
5048.7817
5045.9307
5045.9307
5045.9307
5045.9307
5045.9307
5045.9307
5045.9307
5045.9307
5045.9307
5045.9307
5045.9307
5045.9307
5045.9307
5045.9307
5045.9307
5045.9307
5045.9307
5045.9307
5045.9307
5045.9307
5045.9307
5045.9307
5045.9307
5045.9307
5045.9307
5045.9307
5045.9307
5045.9307
5045.9307
5045.9307
5045.9307
5045.9307
5045.9307
5045.9307
5045.9307
5045.9307
5045.9307
5045.9307
5045.9307
5045.9307
5045.9307
5045.9307
5045.9307
5045.9307
5045.9307
5045.9307
5045.9307
5045.9307
5045.9307
5045.9307
5045.9307
5048.7817
5045.9307
5045.9307
5045.9307
5045.9307
5045.9307
5045.9307
5045.9307
5045.9307
5045.9307
5045.9307
5045.9307
5045.9307
5045.9307
5045.9307
5045.9307
5045.9307
5045.9307
5045.9307
5045.9307
5045.9307
5045.9307
5045.9307
5045.9307
5045.9307
5045.9307
5045.9307
5045.9307
5045.9307
5045.9307
5045.9307
5045.9307
5045.9307
5045.9307
5045.9307
5045.9307
5045.9307
5045.9307
5045.9307
5045.9307
5045.9307
5045.9307
5045.9307
5045.9307
5045.9307
5045.9307
5045.9307
5045.9307
5045.9307
5045.9307
5045.9307
5045.9307
5048.7817
