8587.2559
10485.8994
7158.6992
6721.2153
7512.3330
7497.7114
7586.1924
7694.1948
7297.1221
7137.9673
7204.7769
7012.1577
5322.5063
5624.7266
5770.7217
5491.1709
5495.1309
5801.0791
5600.2002
5608.8730
5397.8325
5417.2866
4672.4175
4701.7266
4793.9155
4710.9888
4892.7275
4636.4590
4662.2144
4824.7197
4752.6270
4636.6128
4366.5825
4467.4785
4464.8716
4516.7832
4320.9561
4426.6479
4571.3491
4440.3159
4528.2168
4661.0244
4532.8770
4252.2446
4263.4990
4256.0371
4365.6030
4357.1045
4284.4395
4365.4648
4512.7168
4372.7749
4313.3247
4193.9209
4290.7310
4276.5684
4386.0879
4272.5640
4388.1929
4320.7144
4405.0649
4197.7119
4195.1533
4410.7261
4343.4346
4255.6274
4495.3428
4399.0508
4267.8086
4343.6245
4356.1372
4451.0537
4394.8628
4384.5361
4329.0562
4389.9102
4364.8755
4294.4004
4244.4688
4248.8726
4315.4023
4327.9023
4327.6846
4416.6162
4482.5059
4119.1592
4321.6733
4215.3799
4552.0571
4290.7256
4444.4507
4360.7285
4320.3975
4339.9199
4356.9312
4348.9688
4316.0991
4308.2241
4299.3042
4493.0684
4325.3740
4347.8564
4364.8804
4321.5811
4308.8071
4299.1992
4353.0493
4329.3481
