13.6345,11.0621
14.9400,12.3645
14.9400,12.3645
15.3478,12.7714
15.1262,12.5503
15.2428,12.6667
15.2716,12.6955
15.3795,12.8034
15.2390,12.6630
15.7707,13.1937
14.5696,11.9951
16.7306,14.1519
16.7306,14.1519
14.8304,12.2554
16.2002,13.6222
15.0218,12.4463
15.8434,13.2663
15.0938,12.5183
16.0189,13.4415
15.0719,12.4965
15.9539,13.3765
15.1641,12.5886
15.1641,12.5886
16.2794,13.7016
15.2431,12.6675
15.5588,12.9823
15.4264,12.8503
15.6622,13.0855
15.3250,12.7493
15.7005,13.1238
15.4296,12.8537
15.5810,13.0048
15.5810,13.0048
15.4812,12.9051
15.5502,12.9740
15.5401,12.9638
15.5341,12.9579
15.6124,13.0361
15.4916,12.9156
15.6173,13.0408
15.4777,12.9016
15.5723,12.9959
15.5723,12.9959
15.6170,13.0408
15.5373,12.9611
15.5827,13.0066
15.6194,13.0431
15.6025,13.0260
15.5739,12.9977
15.6055,13.0292
15.6093,13.0331
16.1927,13.6350
16.2002,13.6222
16.2002,13.6222
16.2002,13.6222
16.2002,13.6222
16.2002,13.6222
16.2002,13.6222
16.2002,13.6222
16.2002,13.6222
16.2002,13.6222
16.2002,13.6222
16.2002,13.6222
16.2002,13.6222
16.2002,13.6222
16.2002,13.6222
16.2002,13.6222
16.2002,13.6222
16.2002,13.6222
16.2002,13.6222
16.2002,13.6222
16.2002,13.6222
16.2002,13.6222
16.2002,13.6222
16.2002,13.6222
16.2002,13.6222
16.2002,13.6222
16.2002,13.6222
16.2002,13.6222
16.2002,13.6222
16.2002,13.6222
16.2002,13.6222
16.2002,13.6222
16.2002,13.6222
16.2002,13.6222
16.2002,13.6222
16.2002,13.6222
16.2002,13.6222
16.2002,13.6222
16.2002,13.6222
16.2002,13.6222
16.2002,13.6222
16.2002,13.6222
16.2002,13.6222
16.2002,13.6222
16.2002,13.6222
16.2002,13.6222
16.2002,13.6222
16.2002,13.6222
16.2002,13.6222
16.2002,13.6222
16.2002,13.6222
16.2002,13.6222
16.1927,13.6350
16.2002,13.6222
16.2002,13.6222
16.2002,13.6222
16.2002,13.6222
16.2002,13.6222
16.2002,13.6222
16.2002,13.6222
16.2002,13.6222
16.2002,13.6222
16.2002,13.6222
16.2002,13.6222
16.2002,13.6222
16.2002,13.6222
16.2002,13.6222
16.2002,13.6222
16.2002,13.6222
16.2002,13.6222
16.2002,13.6222
16.2002,13.6222
16.2002,13.6222
16.2002,13.6222
16.2002,13.6222
16.2002,13.6222
16.2002,13.6222
16.2002,13.6222
16.2002,13.6222
16.2002,13.6222
16.2002,13.6222
16.2002,13.6222
16.2002,13.6222
16.2002,13.6222
16.2002,13.6222
16.2002,13.6222
16.2002,13.6222
16.2002,13.6222
16.2002,13.6222
16.2002,13.6222
16.2002,13.6222
16.2002,13.6222
16.2002,13.6222
16.2002,13.6222
16.2002,13.6222
16.2002,13.6222
16.2002,13.6222
16.2002,13.6222
16.2002,13.6222
16.2002,13.6222
16.2002,13.6222
16.2002,13.6222
16.2002,13.6222
16.2002,13.6222
16.1927,13.6350
