4500.6138
5692.7793
4861.0869
5204.7666
4979.4321
5055.2324
5051.9668
5120.2256
4970.5303
5424.6870
4373.4619
6333.1592
5661.2988
4092.2334
5181.7852
4228.3467
4872.7275
4275.8442
5010.9082
4252.4155
4948.3418
4315.4697
3982.9438
4845.5532
4034.4048
4266.3867
4163.2451
4338.1514
4081.3733
4360.5176
4152.0918
4262.4180
4021.9690
3946.8877
3993.2236
3982.7495
3975.3364
4028.7400
3938.9795
4026.1553
3923.1277
3987.7944
3799.6301
3828.0083
3770.1709
3798.8640
3821.6172
3807.2783
3785.0967
3804.4875
3804.7192
5184.3926
5181.7852
5181.7852
5181.7852
5181.7852
5181.7852
5181.7852
5181.7852
5181.7852
5181.7852
5181.7852
5181.7852
5181.7852
5181.7852
5181.7852
5181.7852
5181.7852
5181.7852
5181.7852
5181.7852
5181.7852
5181.7852
5181.7852
5181.7852
5181.7852
5181.7852
5181.7852
5181.7852
5181.7852
5181.7852
5181.7852
5181.7852
5181.7852
5181.7852
5181.7852
5181.7852
5181.7852
5181.7852
5181.7852
5181.7852
5181.7852
5181.7852
5181.7852
5181.7852
5181.7852
5181.7852
5181.7852
5181.7852
5181.7852
5181.7852
5181.7852
5181.7852
5184.3926
5181.7852
5181.7852
5181.7852
5181.7852
5181.7852
5181.7852
5181.7852
5181.7852
5181.7852
5181.7852
5181.7852
5181.7852
5181.7852
5181.7852
5181.7852
5181.7852
5181.7852
5181.7852
5181.7852
5181.7852
5181.7852
5181.7852
5181.7852
5181.7852
5181.7852
5181.7852
5181.7852
5181.7852
5181.7852
5181.7852
5181.7852
5181.7852
5181.7852
5181.7852
5181.7852
5181.7852
5181.7852
5181.7852
5181.7852
5181.7852
5181.7852
5181.7852
5181.7852
5181.7852
5181.7852
5181.7852
5181.7852
5181.7852
5181.7852
5181.7852
5181.7852
5184.3926
