14.9072,4.4759,7.3496
4.7072,0.9681,3.6671
4.7070,0.9675,6.2515
8.6182,2.2004,6.5098
4.1084,0.7829,4.8843
11.0969,3.0551,6.5122
3.6108,0.6106,3.4724
11.4470,3.1825,4.8038
5.2039,0.7473,4.8771
10.1969,2.7392,5.4795
4.9021,0.7155,4.7903
7.3428,1.7835,5.1092
7.3433,1.7844,7.3897
4.2105,0.8145,5.2268
7.2264,1.7466,6.1579
3.5738,0.5826,5.1537
13.0044,3.7494,4.0319
4.2743,0.6440,3.2604
12.1730,3.4622,4.4554
4.7851,0.7035,4.1862
7.6790,1.8897,5.0080
3.5633,0.5788,4.8129
3.5633,0.5787,7.9157
14.2361,4.2191,3.6111
5.9104,0.8148,5.9309
9.1715,2.3896,5.8658
4.0741,0.6212,4.3376
14.7858,4.4372,4.2964
5.2529,0.7551,4.8353
9.5059,2.5032,5.1842
4.2185,0.6428,4.3130
6.8611,1.6142,5.0432
6.8613,1.6147,6.7862
3.5769,0.5953,5.1455
7.8789,1.9492,5.2385
3.5578,0.5980,4.6708
7.4473,1.8165,5.3879
5.7601,1.2826,6.2037
4.2337,0.8465,5.4924
6.2157,1.4530,5.8046
3.3676,0.6259,4.7256
8.5548,2.2238,5.1589
8.5550,2.2241,9.7466
3.4916,0.5604,3.4164
8.1931,2.0736,4.4116
4.5746,0.9726,5.1446
4.3492,0.9196,5.2104
4.7676,1.0780,4.6069
2.9351,0.6292,3.1088
1.7369,0.3356,1.6861
0.4576,0.1306,0.6136
0.4716,0.1184,0.5650
0.4717,0.1190,0.6432
0.4456,0.1181,0.6218
0.4311,0.0963,0.5975
0.3461,0.1048,0.6632
0.3558,0.1085,0.6912
0.4867,0.0983,0.6910
0.3651,0.1042,0.7026
0.3679,0.1030,0.6863
0.3695,0.1000,0.6823
0.3774,0.0980,0.6983
0.3775,0.0979,0.7182
0.3501,0.1041,0.7045
0.3572,0.1007,0.6923
0.3641,0.0996,0.6948
0.3494,0.1059,0.7035
0.4380,0.0976,0.6842
0.3513,0.1033,0.7016
0.3490,0.1079,0.6994
0.4489,0.0971,0.6716
0.3496,0.1094,0.6863
0.3496,0.1095,0.7012
0.4442,0.0974,0.6425
0.3502,0.1017,0.6971
0.3541,0.1001,0.6941
0.3632,0.0974,0.6985
0.3489,0.0997,0.7079
0.3812,0.0958,0.7149
0.3435,0.1032,0.7126
0.3642,0.0969,0.6975
0.3440,0.1013,0.7090
0.3440,0.1014,0.7038
0.3880,0.0947,0.6977
0.3445,0.1072,0.7120
0.4171,0.0945,0.6864
0.3400,0.1031,0.7074
0.3433,0.0994,0.6981
0.3391,0.1057,0.7144
0.3653,0.0958,0.6764
0.3362,0.1016,0.7100
0.3690,0.0950,0.7018
0.3690,0.0950,0.7397
0.3390,0.1057,0.7190
0.4155,0.0947,0.7037
0.3461,0.0982,0.7302
0.3375,0.1005,0.7142
0.3367,0.1002,0.7087
0.3586,0.0948,0.7030
0.3354,0.1002,0.7202
0.3627,0.0947,0.7144
0.3342,0.1030,0.7220
0.3342,0.1030,0.7145
0.3456,0.0968,0.6920
0.3340,0.1019,0.7158
0.3584,0.0953,0.6958
0.3366,0.1065,0.7230
0.3514,0.0954,0.6831
0.3363,0.0972,0.7164
0.3454,0.1098,0.7371
0.4654,0.0966,0.6718
0.3441,0.0990,0.7193
0.3442,0.0990,0.7101
0.3494,0.0962,0.7099
0.3515,0.0938,0.7279
0.3292,0.1007,0.7302
0.3415,0.0946,0.7187
0.3447,0.0955,0.7360
0.3407,0.0963,0.7373
0.3480,0.1115,0.7412
0.4478,0.0957,0.6717
0.3512,0.0956,0.7456
0.3512,0.0956,0.7415
0.3370,0.1060,0.7224
0.3726,0.0923,0.6904
0.3510,0.1113,0.7253
0.3852,0.0929,0.6632
0.3324,0.1041,0.7118
0.3475,0.0944,0.6937
0.3305,0.0973,0.7209
0.3268,0.1000,0.7240
0.3685,0.0928,0.7182
0.3686,0.0928,0.7816
0.3308,0.0986,0.7509
0.3495,0.1106,0.7400
0.4948,0.0976,0.6923
0.3355,0.1060,0.6819
0.3623,0.0960,0.6882
0.3269,0.0994,0.7065
0.3459,0.0916,0.7160
0.3295,0.0959,0.7479
0.3353,0.1061,0.7416
0.3354,0.1061,0.7305
0.5136,0.1004,0.6857
0.3417,0.1094,0.6681
0.3424,0.0952,0.6667
0.3388,0.0933,0.7097
0.3610,0.1136,0.7374
0.3925,0.0912,0.6564
0.3279,0.1000,0.7226
0.3382,0.0944,0.7161
0.3275,0.0978,0.7287
0.3275,0.0978,0.7245
0.3367,0.0933,0.7211
0.3294,0.0964,0.7390
0.3312,0.0940,0.7377
0.3291,0.0971,0.7435
0.3302,0.0950,0.7355
0.3614,0.0942,0.7578
0.3269,0.1013,0.7428
0.3282,0.0973,0.7213
0.3315,0.0948,0.7225
0.3315,0.0948,0.7347
0.3276,0.1013,0.7377
0.3310,0.1038,0.7303
0.3966,0.0926,0.6830
0.3282,0.0978,0.7320
0.3333,0.1056,0.7271
0.3319,0.0953,0.6889
0.3430,0.0926,0.7214
0.3285,0.0970,0.7398
0.3571,0.0913,0.7497
0.3571,0.0913,0.7912
0.3382,0.0951,0.7849
0.3269,0.1009,0.7437
0.3239,0.0983,0.7230
0.3335,0.0960,0.7202
0.3516,0.0926,0.7402
0.3255,0.0987,0.7414
0.3264,0.0949,0.7263
0.3579,0.0923,0.7513
0.3350,0.0954,0.7656
0.3350,0.0953,0.7538
0.3239,0.0997,0.7362
0.3375,0.0931,0.7208
0.3249,0.0999,0.7371
0.3329,0.0942,0.7175
0.3253,0.0959,0.7340
0.3233,0.0979,0.7326
0.3317,0.0940,0.7243
0.3244,0.0999,0.7360
0.3245,0.0997,0.7218
0.3245,0.0996,0.7169
0.3905,0.0920,0.7099
0.3294,0.1028,0.7279
0.3526,0.0925,0.7073
0.3286,0.0946,0.7412
0.3255,0.1008,0.7338
0.3236,0.0966,0.7110
0.3287,0.1026,0.7276
0.3473,0.0938,0.6875
0.3222,0.0974,0.7245
0.3222,0.0974,0.7218
0.3484,0.0937,0.7241
0.3353,0.0928,0.7598
0.3364,0.1059,0.7394
0.3428,0.0939,0.6869
0.3211,0.0964,0.7267
0.3285,0.1024,0.7292
0.3303,0.0938,0.6924
0.3238,0.0962,0.7250
0.3236,0.0971,0.7254
0.3236,0.0971,0.7210
0.3204,0.0963,0.7180
0.3205,0.0968,0.7218
0.3240,0.1008,0.7275
0.3276,0.0960,0.7002
0.3339,0.0937,0.7202
0.3301,0.1033,0.7324
0.3249,0.0946,0.6922
0.3365,0.0942,0.7268
0.3242,0.0966,0.7394
0.3242,0.0966,0.7291
0.3205,0.0960,0.7228
0.3245,0.1006,0.7252
0.3368,0.0935,0.6976
0.3242,0.1005,0.7298
0.3597,0.1119,0.7427
0.3907,0.0960,0.6289
0.3243,0.0997,0.7123
0.3210,0.1000,0.7029
0.3229,0.0943,0.6900
0.3229,0.0943,0.7273
0.3185,0.0952,0.7369
0.3238,0.1010,0.7304
0.3181,0.0975,0.7041
0.3205,0.0962,0.7038
0.3542,0.0940,0.7310
0.3225,0.1009,0.7316
0.3193,0.0990,0.7057
0.3319,0.1032,0.7132
0.3188,0.0975,0.6805
0.3187,0.0975,0.7016
0.3276,0.0978,0.7067
0.3185,0.0975,0.7164
0.3231,0.0936,0.7081
0.3176,0.0953,0.7352
0.3674,0.1120,0.7453
0.3517,0.0946,0.6333
0.3268,0.0986,0.7132
0.3174,0.0980,0.7129
0.3148,0.0952,0.6995
0.3149,0.0952,0.7108
0.3180,0.0988,0.7160
0.3198,0.0970,0.7021
0.3406,0.1068,0.7299
0.3195,0.0969,0.6616
0.3194,0.0997,0.7023
0.3265,0.0960,0.6876
0.3362,0.1056,0.7268
0.3386,0.0946,0.6594
0.3149,0.0959,0.7250
0.3149,0.0959,0.7244
0.3130,0.0960,0.7219
0.3161,0.0991,0.7170
0.3189,0.0967,0.6917
0.3131,0.0955,0.7180
0.3302,0.1036,0.7262
0.3143,0.0970,0.6724
0.3117,0.0975,0.6930
0.3114,0.0972,0.6975
0.3169,0.0993,0.7044
0.3169,0.0993,0.6951
0.3147,0.0977,0.6759
0.3264,0.0964,0.7120
0.3093,0.0967,0.7294
0.3107,0.0959,0.7193
0.3088,0.0959,0.7270
0.3098,0.0979,0.7187
0.3091,0.0966,0.7023
0.3108,0.0964,0.7244
0.3554,0.1103,0.7370
0.3554,0.1103,0.7160
0.3225,0.0943,0.5716
0.3106,0.0995,0.7046
0.3456,0.1088,0.7199
0.3653,0.1045,0.6249
0.3285,0.1048,0.6787
0.3132,0.0953,0.6456
0.3117,0.0995,0.6991
0.3137,0.0991,0.6858
0.3092,0.0994,0.6771
0.3092,0.0995,0.6825
0.3135,0.0987,0.6833
0.3084,0.1007,0.7139
0.3277,0.1021,0.7017
0.3116,0.0994,0.6537
0.3109,0.1009,0.7030
0.3194,0.0993,0.6936
0.3210,0.1041,0.7110
0.3163,0.1010,0.6794
0.3258,0.1017,0.7020
0.3258,0.1018,0.6733
0.3049,0.0974,0.6402
0.3073,0.1015,0.6826
0.3217,0.1030,0.6916
0.3533,0.1080,0.6729
0.3513,0.1077,0.6801
0.3055,0.0990,0.6206
0.3088,0.1039,0.6796
0.3196,0.1018,0.6790
0.3163,0.1006,0.6665
0.3164,0.1006,0.7600
0.5036,0.1328,0.7318
0.3633,0.0954,0.5549
0.3662,0.1339,0.6038
0.4105,0.1047,0.5993
0.4406,0.1418,0.6051
0.5006,0.1195,0.5766
0.4355,0.1399,0.5631
0.4481,0.1088,0.5511
0.4284,0.1413,0.5829
0.4285,0.1413,0.7139
0.5819,0.1299,0.5539
0.5793,0.1426,0.5900
0.3339,0.0947,0.4952
0.4283,0.1254,0.6287
0.3562,0.0842,0.5332
0.4891,0.1358,0.6584
0.3313,0.1118,0.6007
0.3716,0.1101,0.6418
0.3128,0.0986,0.6083
0.3130,0.0986,0.6511
0.3108,0.1052,0.6553
0.3660,0.1071,0.6815
0.3154,0.1081,0.6144
0.3049,0.1028,0.6800
0.3864,0.1102,0.6823
0.3346,0.1083,0.5966
0.3199,0.1061,0.6515
0.3286,0.1046,0.6374
0.3287,0.1113,0.6250
0.3287,0.1114,0.7439
0.3143,0.1134,0.6702
0.3250,0.1035,0.6321
0.3072,0.1094,0.6401
0.3011,0.1077,0.6791
0.3439,0.1085,0.6541
0.3095,0.1168,0.6066
0.3055,0.1096,0.6309
0.3340,0.1092,0.6163
0.3053,0.1187,0.5795
0.3053,0.1187,0.6346
0.3012,0.1120,0.6170
0.2973,0.1156,0.6105
0.3412,0.1145,0.5858
0.2959,0.1229,0.5355
0.2930,0.1145,0.5582
0.3308,0.1122,0.5473
0.2821,0.1232,0.5167
0.3470,0.1161,0.5302
0.2734,0.1213,0.4763
0.2735,0.1213,0.5161
0.3167,0.1148,0.5123
0.2802,0.1310,0.4948
0.5865,0.1415,0.5480
0.4189,0.1630,0.3933
0.2655,0.1252,0.4069
0.3204,0.1169,0.4510
0.2602,0.1266,0.4551
0.2580,0.1172,0.4942
0.3094,0.1166,0.4889
0.3094,0.1167,0.4861
0.2688,0.1307,0.4466
0.3208,0.1172,0.4662
0.2596,0.1270,0.4452
0.3599,0.1170,0.4663
0.2554,0.1345,0.4281
0.2520,0.1223,0.4827
0.4525,0.1238,0.4875
0.2812,0.1396,0.3708
0.2705,0.1169,0.4311
0.2705,0.1169,0.4498
0.2566,0.1267,0.4509
0.2541,0.1195,0.4547
0.2752,0.1176,0.4606
0.2529,0.1211,0.4502
0.2433,0.1259,0.4662
0.3476,0.1202,0.4673
0.3064,0.1376,0.4405
0.3459,0.1182,0.3961
0.2469,0.1244,0.3917
0.2469,0.1245,0.4606
0.2665,0.1241,0.4501
0.2462,0.1206,0.4436
0.2464,0.1193,0.4572
0.3009,0.1208,0.4587
0.2483,0.1202,0.4158
0.2939,0.1167,0.4430
0.2571,0.1373,0.4324
0.3891,0.1163,0.4264
0.3243,0.1527,0.4123
0.3244,0.1528,0.5736
0.4973,0.1295,0.3553
0.3081,0.1540,0.3488
0.2380,0.1258,0.3910
0.3276,0.1137,0.4071
0.2479,0.1373,0.4047
0.2909,0.1112,0.4102
0.2730,0.1464,0.4406
0.3797,0.1134,0.3946
0.2528,0.1337,0.3878
0.2527,0.1336,0.5027
0.4654,0.1223,0.4008
0.2641,0.1142,0.3603
0.2375,0.1269,0.3897
0.2317,0.1276,0.4346
0.2916,0.1122,0.4226
0.2560,0.1141,0.4153
0.2291,0.1243,0.4140
0.2628,0.1110,0.4209
0.2328,0.1250,0.4162
0.2328,0.1250,0.4548
0.3767,0.1097,0.4056
0.2394,0.1261,0.3684
0.2285,0.1204,0.4097
0.3308,0.1057,0.4025
0.2798,0.1350,0.3891
0.2809,0.1048,0.3605
0.2280,0.1126,0.3679
0.2348,0.1163,0.3992
0.2874,0.1004,0.3884
0.2874,0.1004,0.4201
0.2451,0.1203,0.3620
0.2389,0.1007,0.3755
0.2645,0.1103,0.3920
0.2404,0.1110,0.3635
0.2650,0.1001,0.3772
0.2232,0.1028,0.3632
0.2260,0.0991,0.3848
0.2730,0.1165,0.4147
0.2962,0.0941,0.3504
0.2964,0.0941,0.4308
0.3508,0.1296,0.3462
0.2965,0.0975,0.3246
0.2506,0.1103,0.3249
0.2311,0.1000,0.3425
0.2206,0.0974,0.3690
0.2771,0.1028,0.3932
0.2472,0.1039,0.3568
0.2195,0.0992,0.3623
0.2254,0.0942,0.3734
0.2253,0.0944,0.3808
0.2442,0.1076,0.3882
0.2197,0.0937,0.3665
0.2082,0.0916,0.3753
0.2221,0.0920,0.3837
0.2108,0.0889,0.3766
0.2249,0.0900,0.3873
0.2136,0.0873,0.3750
0.2543,0.1004,0.4042
0.3269,0.0902,0.3915
0.3269,0.0901,0.4774
0.3785,0.1234,0.2970
0.2351,0.0905,0.2981
0.2144,0.0888,0.3281
0.2647,0.1053,0.3700
0.2255,0.0840,0.3438
0.2545,0.1021,0.3697
0.2311,0.0832,0.3475
0.2513,0.0999,0.3663
0.2077,0.0858,0.3672
0.2078,0.0859,0.3941
0.2699,0.0852,0.3850
0.3625,0.1171,0.4151
0.3215,0.0896,0.3198
0.2341,0.0996,0.2908
0.2165,0.0866,0.3311
0.2051,0.0882,0.3446
0.2096,0.0841,0.3642
0.2680,0.1023,0.3779
0.2062,0.0817,0.3523
0.2062,0.0816,0.3735
0.2132,0.0853,0.3698
0.2265,0.0914,0.3738
0.2365,0.0813,0.3670
0.2196,0.0882,0.3613
0.2175,0.0894,0.3663
0.2209,0.0801,0.3624
0.2074,0.0856,0.3627
0.2543,0.0942,0.3845
0.3221,0.0875,0.3616
0.3221,0.0875,0.4299
0.3214,0.1093,0.2772
0.2526,0.0861,0.3089
0.2334,0.0964,0.3066
0.2660,0.0848,0.3411
0.2425,0.0969,0.3228
0.2350,0.0883,0.3285
0.2021,0.0844,0.3240
0.2193,0.0927,0.3534
0.2438,0.0810,0.3549
0.2437,0.0809,0.3833
0.3553,0.1145,0.3682
0.3175,0.0875,0.3269
0.2427,0.0953,0.2866
0.2609,0.0886,0.3348
0.2369,0.0965,0.3111
0.2163,0.0944,0.3344
0.3413,0.0903,0.3514
0.2634,0.1048,0.2994
0.2365,0.0962,0.3387
0.2365,0.0963,0.3666
0.4391,0.1014,0.3710
0.3083,0.1080,0.2884
0.2274,0.0829,0.2656
0.2080,0.0811,0.3067
0.2456,0.0996,0.3304
0.1986,0.0809,0.3303
0.2237,0.0893,0.3387
0.2690,0.0990,0.3701
0.2534,0.0817,0.3073
0.2533,0.0817,0.3873
0.4218,0.1319,0.3599
0.2190,0.0874,0.2797
0.2219,0.0861,0.3176
0.2381,0.0937,0.3162
0.2157,0.0824,0.3044
0.2516,0.0996,0.3395
0.2075,0.0814,0.3086
0.2346,0.0844,0.3449
0.1973,0.0856,0.2987
0.1972,0.0856,0.3574
0.2762,0.0883,0.3868
0.3520,0.1199,0.3614
0.2024,0.0851,0.2788
0.2395,0.0830,0.3107
0.2748,0.1048,0.3224
0.2931,0.0838,0.3024
0.2062,0.0894,0.2672
0.2143,0.0874,0.3040
0.2307,0.0929,0.3349
0.2305,0.0929,0.4485
0.2355,0.0885,0.2767
0.2046,0.0855,0.3261
0.1990,0.0840,0.3036
0.1979,0.0877,0.3251
0.3564,0.0884,0.3733
0.2970,0.1071,0.2818
0.1940,0.0867,0.2659
0.1887,0.0828,0.2956
0.2923,0.0830,0.3514
0.2923,0.0830,0.4627
0.3316,0.1177,0.2433
0.1844,0.0856,0.2593
0.2087,0.0806,0.2824
0.2484,0.1000,0.3204
0.2298,0.0783,0.2813
0.1885,0.0810,0.2741
0.2518,0.0969,0.3147
0.3157,0.0843,0.2989
0.2614,0.1008,0.2762
0.2613,0.1009,0.3472
0.2711,0.0824,0.2448
0.1939,0.0873,0.2556
0.1890,0.0793,0.2732
0.1842,0.0808,0.2775
0.1832,0.0824,0.2923
0.2575,0.0778,0.3135
0.2946,0.1043,0.3077
0.1839,0.0775,0.2486
0.1783,0.0781,0.2701
0.1783,0.0780,0.2860
0.1908,0.0770,0.2947
0.2184,0.0889,0.2961
0.2531,0.0767,0.2866
0.1757,0.0785,0.2486
0.1780,0.0762,0.2745
0.1707,0.0756,0.2739
0.1690,0.0750,0.2830
0.1729,0.0784,0.2849
0.1650,0.0752,0.2857
0.1649,0.0753,0.2911
0.2383,0.0740,0.3018
0.1816,0.0732,0.2750
0.1781,0.0789,0.2666
0.1788,0.0819,0.2698
0.1925,0.0834,0.3064
0.2194,0.0732,0.2587
0.2205,0.0880,0.2829
0.1785,0.0720,0.2420
0.1641,0.0734,0.2529
0.1641,0.0735,0.2631
0.1708,0.0717,0.2685
0.1658,0.0728,0.2669
0.1623,0.0730,0.2707
0.1940,0.0819,0.2896
0.1743,0.0772,0.2988
0.2161,0.0712,0.2533
0.1621,0.0703,0.2524
0.1615,0.0733,0.2609
0.1782,0.0780,0.2802
0.1782,0.0779,0.2922
0.1810,0.0693,0.2566
0.2327,0.0722,0.2826
0.1893,0.0708,0.2623
0.2246,0.0897,0.2496
0.1705,0.0719,0.2354
0.2111,0.0723,0.2616
0.1599,0.0713,0.2351
0.1649,0.0756,0.2479
0.1676,0.0739,0.2605
0.1676,0.0739,0.2748
0.1630,0.0742,0.2683
0.1556,0.0715,0.2747
0.2250,0.0858,0.3603
0.1520,0.0701,0.2663
0.3182,0.0780,0.2720
0.1821,0.0700,0.2428
0.2368,0.0901,0.2576
0.1626,0.0752,0.2342
0.2025,0.0713,0.2377
0.2026,0.0712,0.2587
0.2045,0.0845,0.2515
0.1636,0.0706,0.2351
0.1608,0.0729,0.2565
0.1536,0.0673,0.2512
0.2073,0.0673,0.2646
0.2313,0.0840,0.2756
0.1582,0.0666,0.2381
0.1742,0.0744,0.2821
0.1540,0.0682,0.2636
0.1541,0.0682,0.2708
0.1604,0.0680,0.2778
0.2014,0.0678,0.2728
0.1587,0.0712,0.2515
0.1569,0.0697,0.2615
0.1805,0.0674,0.2645
0.2361,0.0879,0.3028
0.1573,0.0707,0.2698
0.1591,0.0705,0.2729
0.1571,0.0675,0.2572
0.1571,0.0675,0.2665
0.1677,0.0695,0.2673
0.1826,0.0768,0.2919
0.1900,0.0793,0.3308
0.2388,0.0712,0.2401
0.2549,0.0716,0.2825
0.1975,0.0792,0.2223
0.1856,0.0793,0.2600
0.1618,0.0707,0.2445
0.1559,0.0686,0.2480
0.1558,0.0686,0.2574
0.2295,0.0696,0.2793
0.1992,0.0679,0.2656
0.1568,0.0714,0.2329
0.1629,0.0676,0.2598
0.1781,0.0767,0.2601
0.1591,0.0670,0.2598
0.1782,0.0673,0.2655
0.1519,0.0694,0.2562
0.2272,0.0688,0.2925
0.2271,0.0687,0.3077
0.1657,0.0727,0.2087
0.2585,0.0884,0.3289
0.1543,0.0687,0.2321
0.2177,0.0686,0.2491
0.1651,0.0666,0.2325
0.1509,0.0682,0.2390
0.1610,0.0663,0.2577
0.2408,0.0849,0.3285
0.2143,0.0830,0.3397
0.2141,0.0832,0.3704
0.1687,0.0673,0.2286
0.1636,0.0689,0.2557
0.1468,0.0694,0.2602
0.1946,0.0670,0.2581
0.2730,0.0921,0.3462
0.1611,0.0721,0.2784
0.1662,0.0666,0.2562
0.1915,0.0675,0.2569
0.1517,0.0705,0.2497
0.1517,0.0704,0.2657
0.2107,0.0685,0.2787
0.1600,0.0727,0.2490
0.1524,0.0696,0.2667
0.2092,0.0836,0.3310
0.2836,0.0758,0.2609
0.1547,0.0685,0.2220
0.1563,0.0670,0.2455
0.2169,0.0821,0.3065
0.3137,0.1005,0.4254
0.3145,0.1006,0.4481
0.2064,0.0844,0.3317
0.1520,0.0744,0.2766
0.4587,0.0997,0.3251
0.1518,0.0742,0.1866
0.1582,0.0769,0.2313
0.1521,0.0741,0.2531
0.1634,0.0676,0.2494
0.1512,0.0683,0.2595
0.1586,0.0686,0.2857
0.1587,0.0685,0.3089
0.1489,0.0674,0.2930
0.1552,0.0680,0.3089
0.1626,0.0650,0.2724
0.1968,0.0664,0.2756
0.1583,0.0666,0.2645
0.1939,0.0670,0.2851
0.1561,0.0674,0.2527
0.1515,0.0706,0.2604
0.2017,0.0677,0.2844
0.2018,0.0678,0.2931
0.2210,0.0852,0.2739
0.1484,0.0709,0.2562
0.1511,0.0701,0.2746
0.1512,0.0684,0.2819
0.1618,0.0664,0.2736
0.1557,0.0704,0.2874
0.2407,0.0703,0.2878
0.2007,0.0667,0.2797
0.1855,0.0773,0.2437
0.1860,0.0774,0.2934
0.1536,0.0703,0.2831
0.1584,0.0695,0.3033
0.2548,0.0718,0.2714
0.3245,0.0788,0.3493
0.1663,0.0674,0.2217
0.1521,0.0709,0.2175
0.1584,0.0680,0.2456
0.1506,0.0687,0.2514
0.1526,0.0690,0.2601
0.1526,0.0689,0.2695
0.2565,0.0880,0.3649
0.2644,0.0724,0.2423
0.1538,0.0708,0.2180
0.1752,0.0751,0.2737
0.2256,0.0686,0.2449
0.1631,0.0656,0.2392
0.1593,0.0664,0.2540
0.1726,0.0747,0.2681
0.1481,0.0673,0.2680
0.1480,0.0675,0.2779
0.2423,0.0695,0.2833
0.1554,0.0658,0.2552
0.1559,0.0671,0.2580
0.1476,0.0681,0.2691
0.1520,0.0685,0.2869
0.2634,0.0718,0.3066
0.1504,0.0711,0.2403
0.2193,0.0840,0.3275
0.1932,0.0676,0.2401
0.1927,0.0673,0.2587
0.1606,0.0726,0.2416
0.1723,0.0739,0.2913
0.2069,0.0670,0.2492
0.1850,0.0653,0.2557
0.1797,0.0652,0.2672
0.1795,0.0660,0.2711
0.1617,0.0721,0.2456
0.1668,0.0745,0.2795
0.2081,0.0807,0.3481
0.2078,0.0810,0.3747
0.1896,0.0671,0.2302
0.1589,0.0710,0.2831
0.1588,0.0655,0.2554
0.1523,0.0660,0.2662
0.1789,0.0651,0.2710
0.1509,0.0670,0.2663
0.1519,0.0675,0.2846
0.1627,0.0720,0.3107
0.1854,0.0655,0.2739
0.1855,0.0655,0.2754
0.1816,0.0660,0.2804
0.1970,0.0789,0.2785
0.1526,0.0712,0.2726
0.2569,0.0715,0.2791
0.1785,0.0665,0.2487
0.1627,0.0725,0.2437
0.1721,0.0729,0.2858
0.2369,0.0693,0.2577
0.1687,0.0663,0.2385
0.1685,0.0661,0.2552
0.1628,0.0731,0.2507
0.1474,0.0680,0.2668
0.1604,0.0667,0.2764
0.1658,0.0647,0.2737
0.1649,0.0729,0.2852
0.1490,0.0684,0.2876
0.1897,0.0661,0.2769
0.1582,0.0661,0.2680
0.1487,0.0668,0.2669
0.1486,0.0670,0.2779
0.2263,0.0680,0.2807
0.1546,0.0696,0.2590
0.2242,0.0675,0.2872
0.1591,0.0660,0.2598
0.1701,0.0667,0.2673
0.2404,0.0885,0.3098
0.2431,0.0898,0.3567
0.1691,0.0673,0.2241
0.3257,0.0794,0.2995
0.3256,0.0795,0.3541
0.2105,0.0693,0.2727
0.1666,0.0705,0.2332
0.1767,0.0789,0.2135
0.1530,0.0694,0.2339
0.2009,0.0671,0.2604
0.1769,0.0655,0.2620
0.1511,0.0669,0.2367
0.1669,0.0725,0.2702
0.2073,0.0661,0.2691
0.2072,0.0660,0.2839
0.1795,0.0656,0.2678
0.2461,0.0713,0.3270
0.1550,0.0718,0.2146
0.1914,0.0807,0.2674
0.1750,0.0764,0.2969
0.3959,0.0905,0.3175
0.1819,0.0785,0.2021
0.1525,0.0727,0.2304
0.2056,0.0681,0.2454
0.2055,0.0681,0.2680
0.1632,0.0719,0.2224
0.1576,0.0718,0.2555
0.1558,0.0674,0.2578
0.2640,0.0730,0.2868
0.1791,0.0759,0.2395
0.1742,0.0764,0.2821
0.1589,0.0662,0.2523
0.1715,0.0650,0.2560
0.1593,0.0654,0.2614
0.1594,0.0654,0.2687
0.1491,0.0681,0.2754
0.1497,0.0677,0.2879
0.1635,0.0642,0.2796
0.1717,0.0644,0.2814
0.1617,0.0654,0.2813
0.1507,0.0677,0.2730
0.1504,0.0670,0.2783
0.1853,0.0773,0.3244
0.2002,0.0666,0.2687
0.1999,0.0665,0.2772
0.1517,0.0677,0.2504
0.1483,0.0671,0.2695
0.2793,0.0729,0.3429
0.2002,0.0668,0.2768
0.1851,0.0769,0.2194
0.1488,0.0699,0.2496
0.1657,0.0655,0.2554
0.1533,0.0692,0.2727
0.1676,0.0643,0.2698
0.1683,0.0645,0.2726
0.1714,0.0729,0.2801
0.1924,0.0755,0.3385
0.1482,0.0674,0.2874
0.2528,0.0705,0.2569
0.1547,0.0660,0.2471
0.1522,0.0671,0.2575
0.1757,0.0746,0.2968
0.1492,0.0684,0.2856
0.2004,0.0666,0.2633
0.1997,0.0665,0.2735
0.1654,0.0662,0.2655
0.1601,0.0677,0.2613
0.1497,0.0680,0.2655
0.1970,0.0787,0.3157
0.1494,0.0697,0.2787
0.1563,0.0661,0.2721
0.1600,0.0647,0.2702
0.1748,0.0650,0.2723
0.1729,0.0731,0.2944
0.1727,0.0732,0.3254
0.1855,0.0652,0.2568
0.1566,0.0655,0.2647
0.2586,0.0874,0.3736
0.3266,0.0794,0.2661
0.1560,0.0713,0.1998
0.2598,0.0879,0.3235
0.2179,0.0685,0.2092
0.1667,0.0666,0.2150
0.1601,0.0657,0.2338
0.1601,0.0655,0.2501
0.2899,0.0926,0.3529
0.1477,0.0674,0.2440
0.2249,0.0672,0.2552
0.1781,0.0655,0.2401
0.1658,0.0656,0.2466
0.1684,0.0737,0.2539
0.1563,0.0714,0.2760
0.1518,0.0663,0.2727
0.2315,0.0682,0.2826
0.2309,0.0682,0.3030
0.1543,0.0694,0.2176
0.1614,0.0710,0.2592
0.1708,0.0714,0.2979
0.1697,0.0641,0.2542
0.2521,0.0700,0.2855
0.1490,0.0668,0.2294
0.2303,0.0833,0.3109
0.1540,0.0656,0.2364
0.1526,0.0661,0.2548
0.1527,0.0661,0.2667
0.2038,0.0788,0.3380
0.2181,0.0674,0.2412
0.1628,0.0649,0.2458
0.1605,0.0716,0.2630
0.1707,0.0648,0.2608
0.1587,0.0662,0.2689
0.1796,0.0663,0.2725
0.1565,0.0707,0.2615
0.1478,0.0666,0.2680
0.1477,0.0668,0.2736
0.1533,0.0681,0.2813
0.1864,0.0742,0.3383
0.3544,0.0848,0.3028
0.1608,0.0672,0.2143
0.1856,0.0793,0.2483
0.1486,0.0698,0.2425
0.1516,0.0687,0.2622
0.2123,0.0678,0.2670
0.1748,0.0656,0.2543
0.1744,0.0655,0.2622
0.1789,0.0748,0.2660
0.1474,0.0660,0.2585
0.2102,0.0666,0.2779
0.1549,0.0656,0.2511
0.1694,0.0659,0.2648
0.1562,0.0652,0.2693
0.1738,0.0738,0.2820
0.1874,0.0660,0.2656
0.1874,0.0659,0.2787
0.1877,0.0659,0.2899
0.1745,0.0658,0.2711
0.1524,0.0680,0.2435
0.1536,0.0698,0.2642
0.1614,0.0647,0.2680
0.2238,0.0674,0.2940
0.1642,0.0710,0.2419
0.1571,0.0647,0.2544
0.1533,0.0673,0.2618
0.1585,0.0684,0.2821
0.1584,0.0685,0.2902
0.1883,0.0654,0.2581
0.2699,0.0894,0.3462
0.2931,0.0755,0.2489
0.1561,0.0733,0.2028
0.2209,0.0863,0.3015
0.2142,0.0684,0.2205
0.1521,0.0677,0.2218
0.1519,0.0685,0.2519
0.1837,0.0733,0.3095
0.1842,0.0734,0.3374
0.2749,0.0733,0.2304
0.1780,0.0745,0.2445
0.1866,0.0668,0.2279
0.2321,0.0859,0.3082
0.1801,0.0665,0.2233
0.1561,0.0715,0.2523
0.1662,0.0652,0.2490
0.1592,0.0665,0.2529
0.1521,0.0684,0.2729
0.1523,0.0682,0.2948
0.1667,0.0713,0.3336
0.1677,0.0650,0.2807
0.2219,0.0678,0.2747
0.1975,0.0771,0.2884
0.1982,0.0668,0.2433
0.1555,0.0713,0.2481
0.1513,0.0697,0.2702
0.2590,0.0721,0.2836
0.1666,0.0666,0.2425
0.1671,0.0667,0.2555
0.2069,0.0819,0.2791
0.1720,0.0658,0.2499
0.2097,0.0677,0.2725
0.1576,0.0669,0.2450
0.1475,0.0657,0.2590
0.1664,0.0722,0.2784
0.1707,0.0719,0.3076
0.2498,0.0704,0.2623
0.1528,0.0673,0.2412
0.1526,0.0673,0.2620
0.2750,0.0912,0.3908
0.1532,0.0666,0.2361
0.1585,0.0657,0.2472
0.1513,0.0657,0.2601
0.1612,0.0647,0.2628
0.1903,0.0759,0.3154
0.2193,0.0672,0.2541
0.2051,0.0668,0.2776
0.1788,0.0662,0.2620
0.1791,0.0661,0.2712
0.1507,0.0688,0.2417
0.1964,0.0809,0.2899
0.1538,0.0650,0.2535
0.1548,0.0687,0.2770
0.1591,0.0644,0.2703
0.1496,0.0675,0.2880
0.1880,0.0649,0.2786
0.1604,0.0649,0.2713
0.1499,0.0686,0.2763
0.1497,0.0687,0.2894
0.1993,0.0666,0.2764
0.1865,0.0755,0.2999
0.2279,0.0683,0.2634
0.2141,0.0681,0.2730
0.2095,0.0794,0.2512
0.1510,0.0685,0.2352
0.2176,0.0678,0.2612
0.1637,0.0655,0.2483
0.2150,0.0829,0.2712
0.2155,0.0830,0.3340
0.2180,0.0681,0.2330
0.2345,0.0701,0.2776
0.2887,0.0965,0.2942
0.1781,0.0663,0.2087
0.2282,0.0844,0.2879
0.2876,0.0748,0.2507
0.1587,0.0663,0.2018
0.1741,0.0737,0.2390
0.1685,0.0699,0.2719
0.1687,0.0698,0.2916
0.2447,0.0693,0.2376
0.1779,0.0743,0.2439
0.1598,0.0649,0.2361
0.1497,0.0659,0.2552
0.1625,0.0712,0.2879
0.3511,0.0836,0.3074
0.2351,0.0877,0.2508
0.1552,0.0664,0.2194
0.1506,0.0682,0.2418
0.1504,0.0683,0.2604
0.1995,0.0662,0.2610
0.1852,0.0750,0.2790
0.2518,0.0709,0.2652
0.1943,0.0770,0.2429
0.1888,0.0655,0.2326
0.1695,0.0734,0.2491
0.1496,0.0660,0.2540
0.1836,0.0742,0.3127
0.2568,0.0725,0.2472
0.2571,0.0725,0.2911
0.1656,0.0737,0.1895
0.1515,0.0660,0.2308
0.1560,0.0657,0.2439
0.1524,0.0687,0.2596
0.1458,0.0657,0.2749
0.2513,0.0702,0.2995
0.1603,0.0654,0.2521
0.1661,0.0656,0.2703
0.1647,0.0715,0.2582
0.1656,0.0716,0.2879
0.3284,0.0802,0.2954
0.1572,0.0710,0.2122
0.1681,0.0650,0.2472
0.2081,0.0790,0.2787
0.1645,0.0656,0.2408
0.1693,0.0660,0.2559
0.1665,0.0649,0.2517
0.1489,0.0672,0.2529
0.2540,0.0706,0.3042
0.2537,0.0707,0.3167
0.1562,0.0688,0.1931
0.1524,0.0660,0.2322
0.2320,0.0842,0.3113
0.1945,0.0658,0.2353
0.1528,0.0650,0.2348
0.1575,0.0682,0.2561
0.1841,0.0647,0.2662
0.1536,0.0685,0.2571
0.1465,0.0658,0.2677
0.1467,0.0659,0.2791
0.1612,0.0662,0.2834
0.1979,0.0660,0.2933
0.1538,0.0695,0.2638
0.1589,0.0687,0.2898
0.1563,0.0699,0.2997
0.1571,0.0648,0.2730
0.1517,0.0664,0.2838
0.1500,0.0667,0.2825
0.1946,0.0657,0.2796
0.1936,0.0655,0.2778
0.1728,0.0722,0.2519
0.1815,0.0751,0.3130
0.2042,0.0662,0.2442
0.1765,0.0656,0.2521
0.1919,0.0773,0.2786
0.1503,0.0682,0.2642
0.1475,0.0664,0.2737
0.2043,0.0665,0.2611
0.1760,0.0646,0.2623
0.1760,0.0646,0.2677
0.1465,0.0675,0.2500
0.2272,0.0823,0.3331
0.2033,0.0662,0.2370
0.1704,0.0657,0.2460
0.1760,0.0750,0.2648
0.1707,0.0657,0.2479
0.1545,0.0687,0.2637
0.1595,0.0641,0.2553
0.2028,0.0660,0.2792
0.2035,0.0660,0.2910
0.1741,0.0736,0.2410
0.1794,0.0653,0.2588
0.1660,0.0643,0.2666
0.1837,0.0657,0.2844
0.1847,0.0769,0.2561
0.1561,0.0682,0.2573
0.1518,0.0655,0.2629
0.1515,0.0653,0.2662
0.1605,0.0701,0.2841
0.1604,0.0701,0.3035
0.2210,0.0671,0.2609
0.1859,0.0651,0.2644
0.2272,0.0826,0.2911
0.1937,0.0651,0.2379
0.1847,0.0653,0.2555
0.2010,0.0784,0.2640
0.1640,0.0724,0.2796
0.2197,0.0677,0.2428
0.1980,0.0789,0.2705
0.1985,0.0789,0.3199
0.2568,0.0716,0.2245
0.1912,0.0766,0.2522
0.2096,0.0673,0.2201
0.1470,0.0665,0.2208
0.1481,0.0663,0.2402
0.1906,0.0653,0.2619
0.1953,0.0772,0.2835
0.2053,0.0675,0.2514
0.1628,0.0737,0.2509
0.1632,0.0737,0.2859
0.2288,0.0690,0.2593
0.1981,0.0785,0.2750
0.1649,0.0656,0.2396
0.1943,0.0658,0.2530
0.1822,0.0650,0.2676
0.1882,0.0752,0.2566
0.1488,0.0679,0.2574
0.2004,0.0664,0.2618
0.1472,0.0663,0.2513
0.1475,0.0663,0.2654
0.1767,0.0648,0.2705
0.1562,0.0704,0.2754
0.1701,0.0724,0.3141
0.1547,0.0649,0.2694
0.2647,0.0713,0.2887
0.1965,0.0795,0.2606
0.1694,0.0648,0.2430
0.1570,0.0703,0.2606
0.1760,0.0658,0.2543
0.1745,0.0656,0.2643
0.1557,0.0717,0.2630
0.2248,0.0695,0.2845
0.1714,0.0755,0.2494
0.1480,0.0674,0.2523
0.1475,0.0664,0.2638
0.1958,0.0656,0.2730
0.1786,0.0730,0.2801
0.1692,0.0641,0.2553
0.1569,0.0645,0.2573
0.1580,0.0646,0.2631
0.1781,0.0732,0.2812
0.1637,0.0656,0.2612
0.1578,0.0698,0.2914
0.1672,0.0646,0.2693
0.1680,0.0649,0.2699
0.1531,0.0643,0.2615
0.1500,0.0679,0.2712
0.1498,0.0678,0.2933
0.1489,0.0646,0.2883
0.1489,0.0646,0.2809
0.1772,0.0649,0.2754
0.1627,0.0674,0.2731
0.1503,0.0651,0.2717
0.1509,0.0695,0.2839
0.1494,0.0674,0.2969
0.1591,0.0657,0.2945
0.1884,0.0650,0.2694
0.1513,0.0659,0.2610
0.1517,0.0657,0.2750
0.1513,0.0657,0.2834
0.1543,0.0637,0.2817
0.1502,0.0660,0.2843
0.2077,0.0786,0.3472
0.3330,0.0823,0.2817
0.2182,0.0827,0.2376
0.2481,0.0704,0.2390
0.1953,0.0796,0.2327
0.1524,0.0666,0.2202
0.1533,0.0686,0.2549
0.1535,0.0686,0.2741
0.1661,0.0644,0.2449
0.1561,0.0656,0.2599
0.2386,0.0691,0.2918
0.1902,0.0776,0.2542
0.2021,0.0657,0.2560
0.1684,0.0726,0.2465
0.1824,0.0647,0.2472
0.1530,0.0686,0.2463
0.1573,0.0638,0.2553
0.1572,0.0638,0.2628
0.2308,0.0684,0.3013
0.1649,0.0654,0.2542
0.1563,0.0657,0.2596
0.2443,0.0878,0.3024
0.1604,0.0650,0.2312
0.1519,0.0678,0.2445
0.1533,0.0670,0.2663
0.2350,0.0687,0.2763
0.1498,0.0665,0.2429
0.1497,0.0667,0.2608
0.1588,0.0661,0.2677
0.1522,0.0667,0.2749
0.2634,0.0716,0.3265
0.1538,0.0704,0.2310
0.2231,0.0823,0.3120
0.2032,0.0661,0.2363
0.1834,0.0760,0.2570
0.1488,0.0687,0.2493
0.2332,0.0686,0.2582
0.2344,0.0686,0.2872
0.1910,0.0759,0.2243
0.2105,0.0674,0.2444
0.1552,0.0703,0.2305
0.1683,0.0734,0.2725
0.1586,0.0655,0.2470
0.1621,0.0655,0.2583
0.1743,0.0725,0.2846
0.1491,0.0666,0.2661
0.1813,0.0649,0.2591
0.1810,0.0649,0.2688
0.2508,0.0846,0.3235
0.2353,0.0685,0.2391
0.1857,0.0749,0.2500
0.2639,0.0720,0.2501
0.1604,0.0716,0.2208
0.1641,0.0726,0.2729
0.2258,0.0688,0.2450
0.1862,0.0756,0.2633
0.1700,0.0645,0.2314
0.1689,0.0644,0.2464
0.1617,0.0711,0.2576
0.1979,0.0656,0.2643
0.2136,0.0666,0.2935
0.1587,0.0701,0.2326
0.1465,0.0673,0.2570
0.2065,0.0777,0.3282
0.1848,0.0649,0.2342
0.2327,0.0839,0.3305
0.2447,0.0702,0.2362
0.2456,0.0703,0.2795
0.1628,0.0704,0.1998
0.1561,0.0719,0.2376
0.1615,0.0717,0.2676
0.2010,0.0660,0.2433
0.1613,0.0670,0.2455
0.1466,0.0666,0.2582
0.1857,0.0752,0.3103
0.1750,0.0647,0.2493
0.1470,0.0663,0.2621
0.1472,0.0665,0.2678
0.1480,0.0658,0.2655
0.1690,0.0718,0.3068
0.1612,0.0680,0.3055
0.2506,0.0699,0.2526
0.2070,0.0806,0.2777
0.2296,0.0687,0.2392
0.1761,0.0746,0.2495
0.2481,0.0697,0.2649
0.3181,0.0977,0.3272
0.3167,0.0975,0.3852
0.2295,0.0677,0.1966
0.1811,0.0763,0.2286
0.1656,0.0651,0.2132
0.1525,0.0650,0.2298
0.1508,0.0648,0.2401
0.1872,0.0649,0.2615
0.1918,0.0767,0.2750
0.1571,0.0646,0.2472
0.1526,0.0661,0.2580
0.1526,0.0661,0.2691
0.1568,0.0700,0.2943
0.1538,0.0667,0.3001
0.1501,0.0673,0.2970
0.1490,0.0650,0.2848
0.1594,0.0642,0.2801
0.1487,0.0670,0.2877
0.1638,0.0676,0.3087
0.1575,0.0631,0.2728
0.1799,0.0643,0.2739
0.1794,0.0643,0.2690
0.1612,0.0705,0.2476
0.1719,0.0648,0.2610
0.1512,0.0636,0.2615
0.1996,0.0765,0.2989
0.1748,0.0650,0.2508
0.1689,0.0646,0.2602
0.1526,0.0678,0.2605
0.1650,0.0714,0.2906
0.2235,0.0673,0.2645
0.2237,0.0672,0.2908
0.1974,0.0677,0.2511
0.1527,0.0657,0.2341
0.1813,0.0763,0.2518
0.1664,0.0713,0.2737
0.2054,0.0657,0.2487
0.1905,0.0749,0.2694
0.1886,0.0661,0.2400
0.1734,0.0734,0.2721
0.1945,0.0655,0.2468
0.1947,0.0655,0.2670
0.2296,0.0687,0.2865
0.2033,0.0662,0.2929
0.1487,0.0688,0.2257
0.1940,0.0792,0.2749
0.1939,0.0661,0.2447
0.2334,0.0846,0.3040
0.2260,0.0681,0.2350
0.1827,0.0759,0.2433
0.1792,0.0660,0.2274
0.1790,0.0660,0.2494
0.1656,0.0709,0.2403
0.3028,0.0771,0.2974
0.1479,0.0682,0.2051
0.2307,0.0865,0.2997
0.3650,0.0848,0.3010
0.2505,0.0920,0.2407
0.1464,0.0710,0.2106
0.1552,0.0727,0.2422
0.2043,0.0677,0.2359
0.2045,0.0677,0.2535
0.1710,0.0746,0.2381
0.1561,0.0657,0.2405
0.1473,0.0658,0.2564
0.1613,0.0649,0.2679
0.2031,0.0762,0.3173
0.2271,0.0686,0.2504
0.1530,0.0680,0.2340
0.1576,0.0649,0.2442
0.1494,0.0674,0.2655
0.1497,0.0675,0.2861
0.2053,0.0666,0.2773
0.1633,0.0699,0.2787
0.2405,0.0695,0.2744
0.2156,0.0824,0.2657
0.2968,0.0757,0.2805
0.1776,0.0758,0.2099
0.1493,0.0679,0.2299
0.1485,0.0663,0.2521
0.1736,0.0641,0.2498
0.1741,0.0642,0.2651
0.1755,0.0727,0.2632
0.2158,0.0675,0.2604
0.1874,0.0774,0.2630
0.1806,0.0654,0.2433
0.1743,0.0735,0.2682
0.1776,0.0647,0.2461
0.1509,0.0667,0.2558
0.1492,0.0638,0.2612
0.1603,0.0662,0.2649
0.1602,0.0662,0.2761
0.1786,0.0645,0.2716
0.1637,0.0711,0.2785
0.1531,0.0643,0.2682
0.1604,0.0654,0.2653
0.1509,0.0644,0.2708
0.1569,0.0686,0.2913
0.1527,0.0642,0.2824
0.1662,0.0648,0.2788
0.1552,0.0644,0.2656
0.1543,0.0644,0.2731
0.1525,0.0649,0.2760
0.1624,0.0664,0.2786
0.1474,0.0642,0.2743
0.1463,0.0646,0.2778
0.1635,0.0710,0.2902
0.1595,0.0703,0.3095
0.1612,0.0693,0.3256
0.2850,0.0754,0.2782
0.1919,0.0776,0.2516
0.1909,0.0776,0.2895
0.2407,0.0716,0.2355
0.1674,0.0736,0.2330
0.1466,0.0669,0.2404
0.1629,0.0720,0.2816
0.2112,0.0665,0.2507
0.1513,0.0647,0.2436
0.1535,0.0652,0.2510
0.2105,0.0675,0.2786
0.1570,0.0693,0.2441
0.1577,0.0694,0.2719
0.1490,0.0663,0.2740
0.1744,0.0653,0.2580
0.1535,0.0697,0.2738
0.1685,0.0645,0.2726
0.1647,0.0708,0.2884
0.1827,0.0649,0.2640
0.1550,0.0646,0.2593
0.1564,0.0705,0.2646
0.1634,0.0655,0.2691
0.1638,0.0654,0.2722
0.1858,0.0658,0.2804
0.1931,0.0765,0.2803
0.1786,0.0642,0.2493
0.1526,0.0648,0.2498
0.2420,0.0854,0.3266
0.2007,0.0658,0.2321
0.1558,0.0693,0.2397
0.1913,0.0653,0.2490
0.1836,0.0746,0.2709
0.1834,0.0746,0.3038
0.2469,0.0706,0.2392
0.1555,0.0693,0.2287
0.1621,0.0645,0.2411
0.1602,0.0703,0.2692
0.1526,0.0655,0.2597
0.1623,0.0649,0.2651
0.1594,0.0639,0.2656
0.1793,0.0650,0.2760
0.1879,0.0653,0.2888
0.1880,0.0653,0.2939
0.1661,0.0713,0.2455
0.1490,0.0677,0.2568
0.1506,0.0668,0.2597
0.2097,0.0665,0.2826
0.1544,0.0693,0.2461
0.1532,0.0689,0.2767
0.1587,0.0646,0.2687
0.1806,0.0655,0.2720
0.1799,0.0742,0.2962
0.1806,0.0743,0.3272
0.2158,0.0669,0.2476
0.1623,0.0712,0.2484
0.1493,0.0667,0.2519
0.1578,0.0648,0.2557
0.1610,0.0638,0.2545
0.1478,0.0656,0.2637
0.1491,0.0677,0.2762
0.2371,0.0684,0.2888
0.1694,0.0714,0.2574
0.1690,0.0715,0.2954
0.1533,0.0645,0.2589
0.2276,0.0682,0.2746
0.2257,0.0824,0.2754
0.2359,0.0685,0.2385
0.1440,0.0647,0.2267
0.1773,0.0760,0.2512
0.1535,0.0682,0.2515
0.1464,0.0653,0.2579
0.1501,0.0646,0.2652
0.1501,0.0645,0.2744
0.1576,0.0666,0.2906
0.1470,0.0656,0.2758
0.1753,0.0648,0.2712
0.1499,0.0681,0.2726
0.1607,0.0703,0.3001
0.1835,0.0658,0.2692
0.1996,0.0773,0.3050
0.2041,0.0664,0.2472
0.1555,0.0675,0.2454
0.1561,0.0677,0.2685
0.1468,0.0669,0.2759
0.1595,0.0646,0.2767
0.1719,0.0704,0.3052
0.1667,0.0627,0.2538
0.1530,0.0673,0.2686
0.1496,0.0639,0.2678
0.1481,0.0640,0.2729
0.1568,0.0690,0.2936
0.1798,0.0645,0.2752
0.1785,0.0643,0.2771
0.1773,0.0654,0.2827
0.1659,0.0649,0.2823
0.1855,0.0788,0.2688
0.1576,0.0729,0.2845
0.1973,0.0665,0.2573
0.1618,0.0719,0.2658
0.1827,0.0648,0.2508
0.1933,0.0763,0.2789
0.2112,0.0670,0.2394
0.2133,0.0672,0.2638
0.1733,0.0739,0.2309
0.1744,0.0658,0.2451
0.1567,0.0701,0.2609
0.1656,0.0632,0.2537
0.2671,0.0898,0.3496
0.3086,0.0770,0.2567
0.1792,0.0771,0.2157
0.1670,0.0650,0.2213
0.1561,0.0713,0.2448
0.1565,0.0714,0.2809
0.2200,0.0680,0.2572
0.1596,0.0654,0.2497
0.1560,0.0712,0.2600
0.1657,0.0645,0.2551
0.2292,0.0843,0.3267
0.1563,0.0646,0.2437
0.1850,0.0646,0.2489
0.1940,0.0745,0.2792
0.2140,0.0671,0.2342
0.2142,0.0671,0.2643
0.1658,0.0720,0.2253
0.1490,0.0683,0.2530
0.1555,0.0647,0.2602
0.1788,0.0645,0.2676
0.1504,0.0643,0.2654
0.1461,0.0652,0.2700
0.1522,0.0660,0.2757
0.1504,0.0640,0.2714
0.1590,0.0691,0.2918
0.1593,0.0692,0.3127
0.1816,0.0643,0.2651
0.1542,0.0684,0.2753
0.1476,0.0676,0.2859
0.1494,0.0659,0.2916
0.1528,0.0651,0.2837
0.1664,0.0652,0.2726
0.1612,0.0645,0.2693
0.1605,0.0636,0.2716
0.1535,0.0653,0.2680
0.1534,0.0653,0.2733
0.1601,0.0686,0.2833
0.1652,0.0669,0.2729
0.1472,0.0647,0.2666
0.1714,0.0743,0.3041
0.2106,0.0667,0.2520
0.1547,0.0699,0.2499
0.1498,0.0648,0.2576
0.1485,0.0675,0.2752
0.2518,0.0703,0.2843
0.2523,0.0704,0.3043
0.1692,0.0716,0.2209
0.1447,0.0665,0.2428
0.1567,0.0651,0.2553
0.1894,0.0751,0.3151
0.2064,0.0663,0.2440
0.1507,0.0688,0.2475
0.2156,0.0667,0.2589
0.1501,0.0665,0.2409
0.1949,0.0774,0.2895
0.1962,0.0777,0.3294
0.1752,0.0643,0.2291
0.1714,0.0638,0.2428
0.2040,0.0787,0.3024
0.1679,0.0713,0.3016
0.1529,0.0640,0.2524
0.1982,0.0653,0.2588
0.1507,0.0656,0.2503
0.2027,0.0756,0.3101
0.2251,0.0669,0.2417
0.2255,0.0669,0.2813
0.1859,0.0749,0.2152
0.1734,0.0657,0.2231
0.1569,0.0640,0.2364
0.1568,0.0640,0.2492
0.1882,0.0746,0.2664
0.1532,0.0648,0.2460
0.1776,0.0634,0.2567
0.1833,0.0733,0.2789
0.1556,0.0667,0.2746
0.1554,0.0668,0.2779
0.3671,0.0847,0.3177
0.1992,0.0777,0.2006
0.1454,0.0672,0.2148
0.2293,0.0679,0.2491
0.2105,0.0797,0.2585
0.2691,0.0732,0.2469
0.2284,0.0850,0.2527
0.1544,0.0663,0.2148
0.1518,0.0643,0.2319
0.1516,0.0643,0.2475
0.2027,0.0773,0.3088
0.2260,0.0680,0.2462
0.1447,0.0666,0.2368
0.1669,0.0649,0.2532
0.1580,0.0667,0.2565
0.1789,0.0736,0.2822
0.1764,0.0636,0.2388
0.1702,0.0666,0.2506
0.1473,0.0642,0.2512
0.1474,0.0643,0.2662
0.2062,0.0661,0.2817
0.1937,0.0766,0.2745
0.1665,0.0715,0.2890
0.2560,0.0707,0.2659
0.2021,0.0780,0.2618
0.1607,0.0639,0.2241
0.1564,0.0684,0.2490
0.1563,0.0645,0.2487
0.1487,0.0680,0.2678
0.1487,0.0679,0.2806
0.2026,0.0657,0.2627
0.1578,0.0701,0.2611
0.1528,0.0674,0.2744
0.1891,0.0657,0.2720
0.1677,0.0732,0.2636
0.1949,0.0654,0.2606
0.1675,0.0654,0.2538
0.1601,0.0649,0.2552
0.1549,0.0705,0.2551
0.1547,0.0705,0.2802
0.1480,0.0643,0.2646
0.1728,0.0644,0.2636
0.1574,0.0685,0.2748
0.1465,0.0642,0.2762
0.1788,0.0639,0.2729
0.1773,0.0732,0.2909
0.1473,0.0641,0.2698
0.1894,0.0640,0.2703
0.1579,0.0648,0.2593
0.1584,0.0647,0.2698
0.1479,0.0665,0.2687
0.1685,0.0710,0.3056
0.1463,0.0639,0.2627
0.1517,0.0669,0.2788
0.1629,0.0635,0.2707
0.1669,0.0641,0.2699
0.1570,0.0689,0.2720
0.1510,0.0685,0.2882
0.1603,0.0706,0.3147
0.1613,0.0708,0.3344
0.3041,0.0776,0.2924
0.2595,0.0860,0.3050
0.2750,0.0731,0.2389
0.1447,0.0682,0.1960
0.1533,0.0684,0.2250
0.1600,0.0701,0.2572
0.1619,0.0647,0.2449
0.1639,0.0649,0.2502
0.1503,0.0644,0.2549
0.1497,0.0642,0.2660
0.1612,0.0648,0.2721
0.1619,0.0691,0.2830
0.1618,0.0639,0.2699
0.1449,0.0640,0.2645
0.1906,0.0763,0.3186
0.1714,0.0637,0.2519
0.1444,0.0645,0.2613
0.1626,0.0635,0.2632
0.1723,0.0730,0.2923
0.1723,0.0731,0.3280
0.1822,0.0653,0.2531
0.1511,0.0686,0.2702
0.1510,0.0682,0.2681
0.2158,0.0674,0.2643
0.1612,0.0710,0.2591
0.1672,0.0640,0.2539
0.1555,0.0689,0.2681
0.1882,0.0741,0.3275
0.3530,0.0851,0.2774
0.3529,0.0851,0.3572
0.2092,0.0807,0.1748
0.1444,0.0649,0.1918
0.1692,0.0726,0.2494
0.1826,0.0650,0.2337
0.1810,0.0740,0.2658
0.1677,0.0648,0.2330
0.2062,0.0802,0.3050
0.1901,0.0645,0.2327
0.2129,0.0805,0.3053
0.2126,0.0806,0.3558
0.2592,0.0713,0.2147
0.1700,0.0733,0.2378
0.1443,0.0666,0.2349
0.1971,0.0663,0.2395
0.1647,0.0714,0.2596
0.1467,0.0658,0.2668
0.1721,0.0636,0.2560
0.1513,0.0648,0.2641
0.1622,0.0629,0.2709
0.1621,0.0628,0.2707
0.1843,0.0744,0.2800
0.2501,0.0703,0.2904
0.2192,0.0815,0.2608
0.1691,0.0646,0.2239
0.1522,0.0658,0.2387
0.1562,0.0639,0.2512
0.1536,0.0672,0.2585
0.1484,0.0671,0.2691
0.1538,0.0688,0.2893
0.1539,0.0688,0.3025
0.1700,0.0644,0.2754
0.1586,0.0697,0.2997
0.1628,0.0643,0.2771
0.1487,0.0669,0.2917
0.1508,0.0683,0.3008
0.1665,0.0635,0.2737
0.1883,0.0747,0.3305
0.2724,0.0726,0.2632
0.3152,0.0981,0.3403
0.3166,0.0983,0.3764
0.1679,0.0639,0.1804
0.1882,0.0668,0.2101
0.1710,0.0721,0.2366
0.1710,0.0651,0.2326
0.1502,0.0635,0.2418
0.1484,0.0657,0.2526
0.1514,0.0674,0.2746
0.1627,0.0642,0.2723
0.1622,0.0704,0.2782
0.1623,0.0703,0.3074
0.1659,0.0650,0.2763
0.1497,0.0634,0.2593
0.1531,0.0630,0.2672
0.2133,0.0794,0.3341
0.2112,0.0676,0.2533
0.1502,0.0674,0.2407
0.1559,0.0635,0.2504
0.1977,0.0770,0.3067
0.1819,0.0648,0.2458
0.1823,0.0648,0.2546
0.1459,0.0650,0.2520
0.1454,0.0665,0.2664
0.1540,0.0642,0.2732
0.1552,0.0675,0.2915
0.1472,0.0649,0.2902
0.1431,0.0635,0.2814
0.2370,0.0682,0.2958
0.1672,0.0701,0.2508
0.1453,0.0662,0.2586
0.1452,0.0663,0.2735
0.1847,0.0656,0.2702
0.1705,0.0727,0.2892
0.2406,0.0690,0.2783
0.1627,0.0700,0.2476
0.1613,0.0720,0.2765
0.1462,0.0681,0.2672
0.1468,0.0665,0.2695
0.1659,0.0646,0.2658
0.1494,0.0641,0.2691
0.1494,0.0641,0.2767
0.1467,0.0653,0.2872
0.1719,0.0624,0.2859
0.2429,0.0825,0.3413
0.2117,0.0670,0.2346
0.1689,0.0641,0.2401
0.1498,0.0664,0.2316
0.1436,0.0651,0.2489
0.1538,0.0693,0.2745
0.1493,0.0646,0.2715
0.1495,0.0647,0.2770
0.1550,0.0654,0.2854
0.1732,0.0724,0.3034
0.2148,0.0666,0.2574
0.1530,0.0635,0.2415
0.1693,0.0719,0.2705
0.1614,0.0636,0.2599
0.2166,0.0688,0.2835
0.1641,0.0708,0.2445
0.1610,0.0636,0.2460
0.1609,0.0636,0.2575
0.1492,0.0664,0.2551
0.1624,0.0626,0.2684
0.2166,0.0775,0.3059
0.1653,0.0647,0.2393
0.1545,0.0646,0.2516
0.1506,0.0627,0.2492
0.2295,0.0829,0.3298
0.3215,0.0773,0.2683
0.1947,0.0761,0.2128
0.1942,0.0761,0.2715
0.2827,0.0743,0.2249
0.1819,0.0751,0.2253
0.1489,0.0665,0.2330
0.1643,0.0639,0.2409
0.1452,0.0655,0.2483
0.1660,0.0655,0.2663
0.1635,0.0629,0.2581
0.1686,0.0708,0.2743
0.1482,0.0641,0.2660
0.1481,0.0641,0.2702
0.2510,0.0699,0.3036
0.3954,0.1121,0.3940
0.2159,0.0665,0.2083
0.2758,0.0908,0.2950
0.2074,0.0660,0.2158
0.2502,0.0863,0.2799
0.2526,0.0713,0.2179
0.1838,0.0758,0.2173
0.1761,0.0645,0.2160
0.1765,0.0645,0.2478
0.2084,0.0807,0.2612
0.1689,0.0660,0.2270
0.1519,0.0691,0.2433
0.1478,0.0662,0.2532
0.1685,0.0737,0.2979
0.2026,0.0652,0.2552
0.1798,0.0744,0.2722
0.1623,0.0641,0.2392
0.1510,0.0667,0.2602
0.1510,0.0667,0.2746
0.1704,0.0636,0.2604
0.1517,0.0658,0.2654
0.1476,0.0650,0.2715
0.1761,0.0738,0.3116
0.2044,0.0658,0.2606
0.1586,0.0704,0.2635
0.1516,0.0655,0.2601
0.1884,0.0757,0.3148
0.1644,0.0656,0.2408
0.1646,0.0656,0.2511
0.1659,0.0733,0.2784
0.1763,0.0639,0.2539
0.1792,0.0742,0.2849
0.2377,0.0690,0.2528
0.2050,0.0778,0.2640
0.1488,0.0644,0.2313
0.1625,0.0682,0.2620
0.2069,0.0661,0.2460
0.2150,0.0817,0.2880
0.2150,0.0817,0.3327
0.2795,0.0748,0.2387
0.1707,0.0740,0.2208
0.1761,0.0658,0.2234
0.1478,0.0652,0.2361
0.1517,0.0671,0.2581
0.1592,0.0702,0.2876
0.1674,0.0644,0.2509
0.1730,0.0732,0.2997
0.2149,0.0654,0.2494
0.2150,0.0655,0.2829
0.1718,0.0744,0.2285
0.1701,0.0647,0.2335
0.1463,0.0658,0.2460
0.1699,0.0634,0.2640
0.1577,0.0679,0.2707
0.1529,0.0690,0.2812
0.1749,0.0647,0.2671
0.1453,0.0651,0.2665
0.1552,0.0648,0.2693
0.1551,0.0647,0.2688
0.1513,0.0677,0.2724
0.2005,0.0787,0.3257
0.2405,0.0695,0.2433
0.1969,0.0794,0.2699
0.2261,0.0677,0.2387
0.1716,0.0721,0.2408
0.1450,0.0636,0.2381
0.1682,0.0652,0.2533
0.1702,0.0697,0.2797
0.1696,0.0698,0.3028
0.3270,0.0802,0.2913
0.2315,0.0849,0.2625
0.1482,0.0647,0.2160
0.1782,0.0646,0.2358
0.1481,0.0673,0.2346
0.1454,0.0659,0.2546
0.1522,0.0663,0.2732
0.1499,0.0627,0.2690
0.1473,0.0657,0.2745
0.1473,0.0657,0.2842
0.1575,0.0698,0.3103
0.1873,0.0638,0.2730
0.1558,0.0651,0.2683
0.1729,0.0629,0.2780
0.1721,0.0728,0.2672
0.2189,0.0667,0.2697
0.2820,0.0914,0.3293
0.1953,0.0651,0.2245
0.1497,0.0682,0.2271
0.1499,0.0683,0.2568
0.1459,0.0661,0.2663
0.1882,0.0658,0.2606
0.1644,0.0699,0.2605
0.1462,0.0641,0.2483
0.1853,0.0740,0.3051
0.1920,0.0643,0.2364
0.1677,0.0718,0.2674
0.1482,0.0671,0.2733
0.1725,0.0642,0.2599
0.1730,0.0641,0.2653
0.1664,0.0725,0.2729
0.1636,0.0632,0.2579
0.1610,0.0658,0.2612
0.1897,0.0655,0.2704
0.2213,0.0830,0.2996
0.3376,0.0828,0.3042
0.2160,0.0799,0.2176
0.1451,0.0667,0.2118
0.1529,0.0641,0.2261
0.1528,0.0642,0.2448
0.1637,0.0690,0.2700
0.1795,0.0657,0.2490
0.1634,0.0704,0.2625
0.1562,0.0687,0.2867
0.2930,0.0756,0.2797
0.1880,0.0739,0.2289
0.1498,0.0674,0.2373
0.2039,0.0662,0.2468
0.1682,0.0643,0.2449
0.1681,0.0643,0.2516
0.2072,0.0775,0.2544
0.1970,0.0658,0.2370
0.1816,0.0760,0.2539
0.1513,0.0643,0.2394
0.1541,0.0687,0.2656
0.1741,0.0639,0.2559
0.1487,0.0651,0.2592
0.1577,0.0690,0.2848
0.1449,0.0632,0.2690
0.1448,0.0632,0.2757
0.2268,0.0679,0.2920
0.1627,0.0693,0.2546
0.1720,0.0708,0.2857
0.1533,0.0653,0.2541
0.1505,0.0659,0.2699
0.2039,0.0657,0.2646
0.1864,0.0756,0.2724
0.2026,0.0659,0.2528
0.2446,0.0849,0.3107
0.2458,0.0851,0.3465
0.2326,0.0680,0.2164
0.1786,0.0749,0.2331
0.1492,0.0649,0.2120
0.1451,0.0657,0.2334
0.1916,0.0660,0.2488
0.1979,0.0784,0.2853
0.2035,0.0661,0.2451
0.1468,0.0669,0.2441
0.1496,0.0684,0.2695
0.1494,0.0683,0.2911
0.2958,0.0764,0.3019
0.2434,0.0867,0.2814
0.2309,0.0688,0.2274
0.1603,0.0722,0.2319
0.1442,0.0650,0.2444
0.1651,0.0657,0.2569
0.1499,0.0633,0.2484
0.1557,0.0681,0.2742
0.1545,0.0641,0.2747
0.1542,0.0641,0.2759
0.1518,0.0675,0.2858
0.1433,0.0647,0.2730
0.2059,0.0806,0.3692
0.2525,0.0705,0.2402
0.1481,0.0696,0.2326
0.1690,0.0655,0.2436
0.1766,0.0744,0.2773
0.2352,0.0685,0.2592
0.1560,0.0696,0.2337
0.1553,0.0695,0.2690
0.2214,0.0670,0.2721
0.3028,0.0975,0.3463
0.1703,0.0664,0.2079
0.1459,0.0672,0.2334
0.1780,0.0640,0.2411
0.1633,0.0694,0.2575
0.1593,0.0693,0.2907
0.1761,0.0638,0.2547
0.1660,0.0637,0.2594
0.1655,0.0636,0.2613
0.1524,0.0690,0.2511
0.1439,0.0647,0.2615
0.1536,0.0691,0.2869
0.1664,0.0639,0.2711
0.1480,0.0662,0.2753
0.1553,0.0669,0.2823
0.1659,0.0638,0.2664
0.1974,0.0779,0.3118
0.2469,0.0697,0.2572
0.2460,0.0696,0.3010
0.1617,0.0718,0.2013
0.1635,0.0640,0.2392
0.1945,0.0767,0.2705
0.2303,0.0694,0.2571
0.1488,0.0664,0.2257
0.1722,0.0748,0.2471
0.1547,0.0636,0.2387
0.1503,0.0668,0.2572
0.1597,0.0644,0.2652
0.1605,0.0644,0.2713
0.1463,0.0638,0.2698
0.1526,0.0669,0.2719
0.1749,0.0643,0.2737
0.1932,0.0731,0.2912
0.1944,0.0659,0.2474
0.1951,0.0779,0.2690
0.1828,0.0645,0.2302
0.1868,0.0775,0.2708
0.1591,0.0635,0.2363
0.1588,0.0635,0.2523
0.2515,0.0880,0.3576
0.2674,0.0714,0.2413
0.2221,0.0832,0.2701
0.1479,0.0670,0.2321
0.1873,0.0653,0.2288
0.1957,0.0776,0.2730
0.1497,0.0649,0.2360
0.1577,0.0653,0.2367
0.1440,0.0648,0.2478
0.1440,0.0649,0.2674
0.1791,0.0643,0.2698
0.1481,0.0668,0.2754
0.1973,0.0657,0.2753
0.1421,0.0639,0.2644
0.1651,0.0715,0.2879
0.2217,0.0680,0.2684
0.1749,0.0715,0.2401
0.1594,0.0633,0.2444
0.1454,0.0639,0.2519
0.1440,0.0648,0.1209
0.1440,0.0648,0.1209
0.1439,0.0648,0.1720
0.1440,0.0649,0.2122
0.1440,0.0648,0.2416
0.1440,0.0648,0.2630
0.1440,0.0648,0.2784
0.1440,0.0648,0.2894
0.1440,0.0649,0.2974
0.1440,0.0648,0.3030
0.1440,0.0648,0.3071
0.1440,0.0648,0.3100
0.1440,0.0648,0.3121
0.1440,0.0648,0.3136
0.1440,0.0648,0.3147
0.1440,0.0649,0.3155
0.1440,0.0648,0.3160
0.1440,0.0648,0.3163
0.1440,0.0648,0.3166
0.1440,0.0648,0.3167
0.1440,0.0648,0.3169
0.1440,0.0648,0.3170
0.1440,0.0648,0.3171
0.1440,0.0648,0.3171
0.1440,0.0648,0.3172
0.1440,0.0648,0.3172
0.1440,0.0648,0.3172
0.1440,0.0648,0.3172
0.1440,0.0648,0.3173
0.1440,0.0648,0.3173
0.1440,0.0648,0.3172
0.1440,0.0648,0.3173
0.1440,0.0649,0.3173
0.1440,0.0649,0.3173
0.1440,0.0648,0.3174
0.1440,0.0648,0.3173
0.1440,0.0648,0.3173
0.1440,0.0648,0.3173
0.1440,0.0648,0.3173
0.1440,0.0649,0.3174
0.1440,0.0649,0.3174
0.1440,0.0648,0.3173
0.1440,0.0649,0.3174
0.1440,0.0649,0.3173
0.1440,0.0648,0.3173
0.1440,0.0648,0.3173
0.1440,0.0648,0.3173
0.1440,0.0648,0.3173
0.1440,0.0648,0.3173
0.1440,0.0648,0.3172
0.1440,0.0648,0.3173
0.1440,0.0648,0.3173
0.1440,0.0648,0.3173
0.1440,0.0648,0.3172
0.1440,0.0648,0.3173
0.1440,0.0648,0.3172
0.1440,0.0648,0.3172
0.1440,0.0649,0.3174
0.1440,0.0648,0.3173
0.1440,0.0648,0.3173
0.1440,0.0649,0.3173
0.1440,0.0648,0.3173
0.1440,0.0648,0.3173
0.1440,0.0648,0.3173
0.1440,0.0649,0.3173
0.1440,0.0649,0.3173
0.1440,0.0648,0.3174
0.1440,0.0648,0.3173
0.1440,0.0648,0.3173
0.1440,0.0648,0.3173
0.1440,0.0648,0.3173
0.1440,0.0648,0.3174
0.1440,0.0648,0.3173
0.1440,0.0648,0.3174
0.1440,0.0648,0.3173
0.1440,0.0648,0.3173
0.1440,0.0648,0.3173
0.1440,0.0649,0.3173
0.1440,0.0649,0.3174
0.1440,0.0649,0.3174
0.1440,0.0648,0.3173
0.1440,0.0648,0.3173
0.1440,0.0648,0.3173
0.1440,0.0648,0.3173
0.1440,0.0648,0.3172
0.1440,0.0648,0.3172
0.1440,0.0649,0.3173
0.1440,0.0648,0.3173
0.1440,0.0648,0.3172
0.1440,0.0648,0.3173
0.1440,0.0649,0.3173
0.1440,0.0649,0.3173
0.1440,0.0649,0.3173
0.1440,0.0648,0.3173
0.1440,0.0648,0.3173
0.1440,0.0648,0.3173
0.1440,0.0649,0.3174
0.1440,0.0648,0.3172
0.1440,0.0648,0.3173
0.1440,0.0649,0.3173
0.1440,0.0649,0.3173
0.1440,0.0648,0.3173
0.1440,0.0649,0.3174
0.1440,0.0648,0.3173
0.1440,0.0648,0.3173
0.1440,0.0648,0.3173
0.1440,0.0648,0.3173
0.1440,0.0648,0.3173
0.1440,0.0648,0.3173
0.1440,0.0648,0.3172
0.1440,0.0648,0.3173
0.1440,0.0648,0.3172
0.1440,0.0649,0.3173
0.1440,0.0649,0.3173
0.1440,0.0648,0.3173
0.1440,0.0648,0.3173
0.1440,0.0649,0.3174
0.1440,0.0648,0.3173
0.1440,0.0649,0.3173
0.1440,0.0648,0.3173
0.1440,0.0648,0.3173
0.1440,0.0648,0.3173
0.1440,0.0648,0.3173
0.1440,0.0648,0.3172
0.1440,0.0648,0.3172
0.1440,0.0648,0.3173
0.1440,0.0648,0.3173
0.1440,0.0649,0.3173
0.1440,0.0648,0.3174
0.1440,0.0649,0.3174
0.1440,0.0648,0.3173
0.1440,0.0649,0.3173
0.1440,0.0648,0.3174
0.1440,0.0648,0.3173
0.1439,0.0648,0.3173
0.1440,0.0649,0.3174
0.1440,0.0648,0.3173
0.1440,0.0649,0.3174
0.1440,0.0649,0.3174
0.1440,0.0648,0.3173
0.1440,0.0648,0.3173
0.1440,0.0648,0.3173
0.1440,0.0648,0.3173
0.1440,0.0649,0.3173
0.1440,0.0648,0.3173
0.1440,0.0648,0.3173
0.1440,0.0648,0.3173
0.1440,0.0648,0.3173
0.1440,0.0648,0.3173
0.1440,0.0648,0.3173
0.1440,0.0649,0.3174
0.1440,0.0649,0.3173
0.1440,0.0648,0.3173
0.1440,0.0648,0.3173
0.1440,0.0648,0.3173
0.1440,0.0648,0.3173
0.1440,0.0649,0.3174
0.1440,0.0648,0.3173
0.1440,0.0648,0.3173
0.1440,0.0648,0.3172
0.1440,0.0648,0.3173
0.1439,0.0648,0.3173
0.1440,0.0648,0.3173
0.1440,0.0648,0.3173
0.1440,0.0648,0.3173
0.1440,0.0648,0.3173
0.1440,0.0649,0.3173
0.1440,0.0648,0.3173
0.1440,0.0648,0.3173
0.1440,0.0649,0.3173
0.1440,0.0649,0.3173
0.1440,0.0648,0.3173
0.1440,0.0648,0.3173
0.1440,0.0648,0.3173
0.1440,0.0648,0.3173
0.1440,0.0649,0.3173
0.1440,0.0649,0.3173
0.1440,0.0648,0.3173
0.1440,0.0648,0.3174
0.1440,0.0649,0.3174
0.1440,0.0649,0.3173
0.1440,0.0649,0.3173
0.1440,0.0648,0.3173
0.1440,0.0648,0.3173
0.1440,0.0648,0.3173
0.1440,0.0648,0.3172
0.1440,0.0648,0.3173
0.1440,0.0648,0.3173
0.1440,0.0648,0.3172
0.1440,0.0648,0.3173
0.1440,0.0648,0.3172
0.1440,0.0648,0.3173
0.1440,0.0648,0.3173
0.1440,0.0648,0.3173
0.1440,0.0649,0.3173
0.1440,0.0648,0.3173
0.1440,0.0648,0.3173
0.1440,0.0649,0.3173
0.1440,0.0648,0.3173
0.1440,0.0648,0.3173
0.1440,0.0648,0.3173
0.1454,0.0639,0.3177
0.1440,0.0648,0.1209
0.1440,0.0648,0.1209
0.1440,0.0648,0.1721
0.1440,0.0649,0.2122
0.1440,0.0648,0.2416
0.1440,0.0648,0.2630
0.1440,0.0648,0.2784
0.1440,0.0648,0.2895
0.1440,0.0648,0.2974
0.1440,0.0648,0.3030
0.1440,0.0649,0.3071
0.1440,0.0648,0.3100
0.1440,0.0648,0.3121
0.1440,0.0648,0.3135
0.1440,0.0648,0.3146
0.1440,0.0648,0.3154
0.1440,0.0649,0.3160
0.1440,0.0648,0.3163
0.1440,0.0648,0.3166
0.1440,0.0649,0.3168
0.1440,0.0648,0.3169
0.1440,0.0648,0.3170
0.1440,0.0648,0.3171
0.1440,0.0648,0.3172
0.1440,0.0648,0.3172
0.1440,0.0648,0.3173
0.1440,0.0648,0.3173
0.1440,0.0648,0.3173
0.1440,0.0648,0.3173
0.1440,0.0648,0.3173
0.1440,0.0648,0.3172
0.1440,0.0648,0.3173
0.1440,0.0648,0.3173
0.1440,0.0648,0.3173
0.1440,0.0648,0.3172
0.1440,0.0648,0.3173
0.1440,0.0648,0.3173
0.1440,0.0648,0.3173
0.1440,0.0649,0.3174
0.1440,0.0648,0.3173
0.1440,0.0648,0.3173
0.1440,0.0648,0.3172
0.1440,0.0648,0.3173
0.1440,0.0649,0.3173
0.1440,0.0648,0.3173
0.1440,0.0648,0.3173
0.1440,0.0649,0.3174
0.1440,0.0648,0.3173
0.1440,0.0649,0.3174
0.1440,0.0648,0.3173
0.1440,0.0648,0.3173
0.1440,0.0648,0.3173
0.1440,0.0649,0.3174
0.1440,0.0649,0.3174
0.1440,0.0649,0.3174
0.1440,0.0648,0.3173
0.1440,0.0649,0.3174
0.1440,0.0648,0.3174
0.1440,0.0648,0.3173
0.1440,0.0649,0.3174
0.1440,0.0648,0.3173
0.1440,0.0648,0.3173
0.1440,0.0648,0.3173
0.1440,0.0648,0.3173
0.1440,0.0648,0.3173
0.1440,0.0649,0.3173
0.1440,0.0648,0.3174
0.1440,0.0649,0.3174
0.1440,0.0649,0.3174
0.1440,0.0649,0.3174
0.1440,0.0648,0.3173
0.1440,0.0649,0.3173
0.1440,0.0649,0.3173
0.1439,0.0648,0.3172
0.1440,0.0648,0.3172
0.1440,0.0649,0.3173
0.1440,0.0648,0.3173
0.1440,0.0648,0.3173
0.1440,0.0648,0.3172
0.1440,0.0648,0.3173
0.1440,0.0649,0.3173
0.1440,0.0648,0.3172
0.1440,0.0648,0.3173
0.1440,0.0648,0.3173
0.1440,0.0648,0.3172
0.1440,0.0649,0.3173
0.1440,0.0648,0.3173
0.1440,0.0649,0.3174
0.1440,0.0648,0.3173
0.1440,0.0648,0.3173
0.1440,0.0649,0.3173
0.1440,0.0648,0.3173
0.1440,0.0649,0.3173
0.1440,0.0648,0.3173
0.1440,0.0648,0.3173
0.1440,0.0648,0.3173
0.1440,0.0648,0.3173
0.1440,0.0649,0.3173
0.1440,0.0648,0.3173
0.1440,0.0648,0.3173
0.1440,0.0648,0.3173
0.1440,0.0648,0.3172
0.1440,0.0648,0.3173
0.1440,0.0648,0.3173
0.1440,0.0648,0.3172
0.1440,0.0648,0.3172
0.1440,0.0648,0.3173
0.1440,0.0648,0.3173
0.1440,0.0649,0.3173
0.1440,0.0648,0.3173
0.1440,0.0648,0.3173
0.1440,0.0648,0.3173
0.1440,0.0649,0.3174
0.1440,0.0648,0.3173
0.1440,0.0648,0.3173
0.1440,0.0649,0.3174
0.1440,0.0648,0.3173
0.1440,0.0648,0.3173
0.1440,0.0648,0.3173
0.1440,0.0648,0.3173
0.1440,0.0648,0.3173
0.1440,0.0648,0.3173
0.1440,0.0648,0.3173
0.1440,0.0648,0.3173
0.1440,0.0649,0.3173
0.1440,0.0648,0.3174
0.1440,0.0648,0.3173
0.1440,0.0649,0.3173
0.1440,0.0648,0.3173
0.1440,0.0649,0.3173
0.1440,0.0648,0.3173
0.1440,0.0648,0.3173
0.1440,0.0648,0.3172
0.1440,0.0648,0.3173
0.1440,0.0648,0.3173
0.1440,0.0648,0.3173
0.1440,0.0648,0.3172
0.1440,0.0648,0.3173
0.1440,0.0649,0.3173
0.1440,0.0648,0.3173
0.1440,0.0648,0.3173
0.1440,0.0648,0.3173
0.1440,0.0648,0.3172
0.1440,0.0648,0.3173
0.1440,0.0648,0.3172
0.1440,0.0649,0.3173
0.1440,0.0648,0.3173
0.1440,0.0648,0.3173
0.1440,0.0648,0.3173
0.1440,0.0649,0.3173
0.1440,0.0648,0.3173
0.1440,0.0649,0.3174
0.1440,0.0648,0.3173
0.1440,0.0648,0.3173
0.1440,0.0648,0.3173
0.1440,0.0648,0.3173
0.1440,0.0648,0.3173
0.1440,0.0649,0.3173
0.1440,0.0648,0.3173
0.1440,0.0648,0.3173
0.1439,0.0648,0.3172
0.1440,0.0648,0.3173
0.1440,0.0648,0.3173
0.1440,0.0648,0.3173
0.1440,0.0648,0.3173
0.1440,0.0648,0.3173
0.1440,0.0648,0.3173
0.1440,0.0648,0.3173
0.1440,0.0648,0.3173
0.1440,0.0649,0.3174
0.1440,0.0649,0.3173
0.1440,0.0648,0.3173
0.1440,0.0649,0.3173
0.1440,0.0648,0.3173
0.1440,0.0648,0.3173
0.1440,0.0648,0.3173
0.1440,0.0648,0.3173
0.1440,0.0648,0.3173
0.1440,0.0649,0.3174
0.1440,0.0648,0.3173
0.1440,0.0649,0.3173
0.1440,0.0648,0.3173
0.1440,0.0648,0.3173
0.1440,0.0648,0.3173
0.1440,0.0649,0.3174
0.1439,0.0648,0.3172
0.1440,0.0649,0.3173
0.1440,0.0648,0.3173
0.1440,0.0648,0.3172
0.1440,0.0648,0.3173
0.1440,0.0648,0.3173
0.1440,0.0649,0.3173
0.1440,0.0648,0.3173
0.1440,0.0648,0.3173
0.1440,0.0648,0.3173
0.1440,0.0649,0.3173
0.1440,0.0648,0.3173
0.1440,0.0648,0.3173
0.1440,0.0648,0.3173
0.1440,0.0648,0.3173
0.1440,0.0648,0.3173
0.1454,0.0639,0.3178
0.1440,0.0648,0.1209
0.1440,0.0648,0.1209
0.1440,0.0649,0.1721
0.1440,0.0649,0.2122
0.1440,0.0648,0.2416
0.1440,0.0648,0.2630
0.1440,0.0648,0.2784
0.1440,0.0648,0.2895
0.1440,0.0649,0.2974
0.1440,0.0648,0.3030
0.1440,0.0648,0.3071
0.1440,0.0648,0.3100
0.1440,0.0648,0.3120
0.1440,0.0648,0.3135
0.1440,0.0648,0.3147
0.1440,0.0648,0.3154
0.1440,0.0648,0.3159
0.1440,0.0649,0.3163
0.1440,0.0648,0.3165
0.1440,0.0649,0.3168
0.1440,0.0648,0.3170
0.1440,0.0648,0.3170
0.1440,0.0648,0.3171
0.1440,0.0648,0.3172
0.1440,0.0648,0.3172
0.1440,0.0648,0.3172
0.1440,0.0648,0.3173
0.1440,0.0649,0.3173
0.1440,0.0649,0.3174
0.1440,0.0648,0.3173
0.1440,0.0648,0.3172
0.1440,0.0649,0.3173
0.1440,0.0648,0.3173
0.1440,0.0648,0.3173
0.1440,0.0648,0.3173
0.1440,0.0649,0.3173
0.1440,0.0649,0.3173
0.1440,0.0648,0.3173
0.1440,0.0648,0.3174
0.1440,0.0648,0.3172
0.1440,0.0648,0.3172
0.1440,0.0648,0.3173
0.1440,0.0649,0.3173
0.1440,0.0648,0.3173
0.1440,0.0648,0.3173
0.1440,0.0648,0.3173
0.1440,0.0649,0.3174
0.1440,0.0648,0.3173
0.1440,0.0648,0.3173
0.1440,0.0648,0.3173
0.1440,0.0648,0.3172
0.1440,0.0649,0.3172
0.1440,0.0648,0.3172
0.1440,0.0648,0.3172
0.1440,0.0648,0.3173
0.1440,0.0648,0.3173
0.1440,0.0648,0.3173
0.1440,0.0648,0.3173
0.1440,0.0648,0.3172
0.1440,0.0649,0.3173
0.1440,0.0648,0.3172
0.1440,0.0648,0.3173
0.1440,0.0648,0.3173
0.1440,0.0648,0.3172
0.1440,0.0648,0.3172
0.1440,0.0648,0.3173
0.1440,0.0648,0.3172
0.1440,0.0648,0.3173
0.1440,0.0649,0.3173
0.1440,0.0648,0.3173
0.1440,0.0649,0.3173
0.1440,0.0648,0.3174
0.1440,0.0648,0.3173
0.1440,0.0649,0.3173
0.1439,0.0648,0.3173
0.1440,0.0648,0.3173
0.1440,0.0648,0.3173
0.1440,0.0648,0.3173
0.1440,0.0649,0.3174
0.1440,0.0648,0.3173
0.1440,0.0648,0.3173
0.1440,0.0649,0.3174
0.1440,0.0649,0.3173
0.1440,0.0648,0.3173
0.1440,0.0648,0.3173
0.1440,0.0648,0.3173
0.1440,0.0649,0.3173
0.1440,0.0649,0.3173
0.1440,0.0649,0.3173
0.1440,0.0648,0.3173
0.1440,0.0649,0.3173
0.1440,0.0648,0.3173
0.1440,0.0648,0.3173
0.1440,0.0648,0.3173
0.1440,0.0648,0.3173
0.1440,0.0648,0.3173
0.1440,0.0649,0.3174
0.1440,0.0649,0.3174
0.1440,0.0648,0.3173
0.1439,0.0648,0.3172
0.1440,0.0648,0.3172
0.1440,0.0649,0.3173
0.1440,0.0648,0.3173
0.1440,0.0648,0.3173
0.1440,0.0648,0.3173
0.1440,0.0648,0.3172
0.1440,0.0648,0.3173
0.1440,0.0649,0.3174
0.1440,0.0649,0.3173
0.1440,0.0648,0.3173
0.1440,0.0648,0.3173
0.1440,0.0649,0.3173
0.1440,0.0648,0.3173
0.1440,0.0648,0.3173
0.1440,0.0648,0.3173
0.1440,0.0648,0.3174
0.1440,0.0649,0.3173
0.1440,0.0648,0.3173
0.1440,0.0648,0.3173
0.1440,0.0648,0.3172
0.1440,0.0648,0.3173
0.1440,0.0649,0.3174
0.1440,0.0648,0.3173
0.1440,0.0648,0.3173
0.1440,0.0649,0.3173
0.1440,0.0649,0.3174
0.1440,0.0648,0.3173
0.1440,0.0648,0.3173
0.1440,0.0648,0.3173
0.1440,0.0648,0.3173
0.1440,0.0649,0.3173
0.1440,0.0649,0.3173
0.1440,0.0648,0.3173
0.1440,0.0648,0.3174
0.1440,0.0648,0.3173
0.1440,0.0649,0.3174
0.1440,0.0648,0.3174
0.1440,0.0648,0.3173
0.1440,0.0649,0.3173
0.1440,0.0649,0.3173
0.1440,0.0649,0.3174
0.1440,0.0648,0.3173
0.1440,0.0649,0.3174
0.1440,0.0648,0.3173
0.1440,0.0648,0.3173
0.1440,0.0648,0.3172
0.1440,0.0648,0.3173
0.1440,0.0648,0.3172
0.1440,0.0649,0.3174
0.1440,0.0648,0.3173
0.1440,0.0648,0.3172
0.1440,0.0649,0.3173
0.1440,0.0648,0.3173
0.1440,0.0648,0.3173
0.1440,0.0648,0.3173
0.1440,0.0648,0.3173
0.1440,0.0648,0.3173
0.1440,0.0649,0.3173
0.1440,0.0648,0.3173
0.1440,0.0648,0.3173
0.1440,0.0648,0.3173
0.1440,0.0648,0.3174
0.1440,0.0648,0.3173
0.1440,0.0649,0.3173
0.1440,0.0648,0.3174
0.1440,0.0648,0.3173
0.1440,0.0648,0.3173
0.1440,0.0649,0.3174
0.1440,0.0648,0.3173
0.1440,0.0648,0.3173
0.1440,0.0648,0.3173
0.1440,0.0648,0.3173
0.1440,0.0648,0.3173
0.1440,0.0648,0.3172
0.1440,0.0648,0.3173
0.1440,0.0648,0.3173
0.1440,0.0648,0.3173
0.1440,0.0648,0.3173
0.1440,0.0648,0.3173
0.1440,0.0648,0.3173
0.1440,0.0648,0.3173
0.1440,0.0649,0.3173
0.1440,0.0648,0.3173
0.1439,0.0648,0.3172
0.1440,0.0648,0.3173
0.1440,0.0648,0.3173
0.1440,0.0648,0.3173
0.1440,0.0648,0.3173
0.1440,0.0648,0.3173
0.1440,0.0648,0.3173
0.1440,0.0648,0.3173
0.1440,0.0648,0.3173
0.1440,0.0648,0.3173
0.1440,0.0648,0.3173
0.1440,0.0649,0.3173
0.1440,0.0649,0.3173
0.1440,0.0648,0.3173
0.1440,0.0648,0.3173
0.1440,0.0648,0.3173
0.1440,0.0648,0.3173
0.1440,0.0648,0.3173
0.1454,0.0639,0.3178
0.1440,0.0649,0.1209
0.1440,0.0649,0.1209
0.1440,0.0649,0.1721
0.1440,0.0648,0.2121
0.1440,0.0648,0.2416
0.1440,0.0648,0.2630
0.1440,0.0648,0.2784
0.1440,0.0648,0.2894
0.1440,0.0648,0.2973
0.1440,0.0649,0.3031
0.1440,0.0649,0.3071
0.1440,0.0649,0.3101
0.1440,0.0648,0.3120
0.1440,0.0648,0.3136
0.1440,0.0648,0.3147
0.1440,0.0648,0.3154
0.1440,0.0648,0.3160
0.1440,0.0649,0.3164
0.1440,0.0648,0.3166
0.1440,0.0648,0.3168
0.1440,0.0648,0.3170
0.1440,0.0649,0.3171
0.1440,0.0648,0.3172
0.1440,0.0648,0.3172
0.1440,0.0648,0.3172
0.1440,0.0648,0.3172
0.1440,0.0648,0.3173
0.1440,0.0648,0.3173
0.1440,0.0648,0.3172
0.1440,0.0648,0.3172
0.1440,0.0648,0.3173
0.1440,0.0649,0.3173
0.1440,0.0648,0.3173
0.1440,0.0648,0.3173
0.1440,0.0649,0.3174
0.1440,0.0648,0.3174
0.1440,0.0649,0.3173
0.1440,0.0648,0.3173
0.1440,0.0648,0.3173
0.1440,0.0648,0.3174
0.1440,0.0648,0.3174
0.1440,0.0648,0.3173
0.1440,0.0648,0.3173
0.1440,0.0649,0.3174
0.1440,0.0649,0.3173
0.1440,0.0648,0.3173
0.1440,0.0648,0.3173
0.1440,0.0649,0.3174
0.1440,0.0648,0.3173
0.1440,0.0648,0.3173
0.1440,0.0648,0.3173
0.1440,0.0649,0.3174
0.1440,0.0648,0.3173
0.1440,0.0648,0.3173
0.1440,0.0648,0.3173
0.1440,0.0649,0.3173
0.1440,0.0649,0.3173
0.1440,0.0648,0.3173
0.1440,0.0648,0.3174
0.1440,0.0648,0.3173
0.1440,0.0648,0.3173
0.1440,0.0648,0.3172
0.1440,0.0649,0.3173
0.1440,0.0648,0.3172
0.1440,0.0648,0.3173
0.1440,0.0648,0.3173
0.1440,0.0648,0.3174
0.1440,0.0648,0.3173
0.1440,0.0649,0.3174
0.1440,0.0648,0.3174
0.1440,0.0648,0.3174
0.1440,0.0649,0.3174
0.1440,0.0649,0.3174
0.1440,0.0648,0.3173
0.1440,0.0648,0.3173
0.1440,0.0648,0.3173
0.1440,0.0648,0.3173
0.1440,0.0648,0.3173
0.1440,0.0648,0.3173
0.1440,0.0648,0.3173
0.1440,0.0648,0.3173
0.1440,0.0649,0.3173
0.1440,0.0648,0.3173
0.1440,0.0648,0.3173
0.1440,0.0648,0.3173
0.1440,0.0648,0.3173
0.1440,0.0648,0.3173
0.1440,0.0648,0.3173
0.1440,0.0648,0.3173
0.1440,0.0648,0.3173
0.1440,0.0649,0.3173
0.1440,0.0648,0.3174
0.1440,0.0648,0.3173
0.1440,0.0648,0.3173
0.1440,0.0649,0.3173
0.1440,0.0648,0.3172
0.1440,0.0648,0.3173
0.1440,0.0648,0.3173
0.1440,0.0649,0.3174
0.1440,0.0649,0.3174
0.1440,0.0648,0.3174
0.1440,0.0649,0.3174
0.1440,0.0648,0.3173
0.1440,0.0648,0.3173
0.1440,0.0648,0.3173
0.1440,0.0649,0.3173
0.1439,0.0648,0.3172
0.1440,0.0648,0.3173
0.1440,0.0648,0.3173
0.1440,0.0648,0.3173
0.1440,0.0648,0.3173
0.1440,0.0648,0.3173
0.1440,0.0648,0.3173
0.1440,0.0648,0.3173
0.1440,0.0649,0.3174
0.1440,0.0649,0.3173
0.1440,0.0649,0.3174
0.1440,0.0648,0.3173
0.1440,0.0649,0.3174
0.1440,0.0648,0.3173
0.1440,0.0648,0.3172
0.1440,0.0648,0.3172
0.1440,0.0648,0.3173
0.1440,0.0649,0.3173
0.1440,0.0649,0.3174
0.1440,0.0648,0.3173
0.1440,0.0649,0.3174
0.1440,0.0649,0.3173
0.1440,0.0648,0.3173
0.1440,0.0648,0.3172
0.1440,0.0649,0.3174
0.1440,0.0649,0.3173
0.1440,0.0648,0.3173
0.1440,0.0648,0.3173
0.1440,0.0648,0.3173
0.1440,0.0649,0.3174
0.1440,0.0648,0.3173
0.1440,0.0648,0.3173
0.1440,0.0648,0.3173
0.1440,0.0648,0.3173
0.1440,0.0648,0.3173
0.1440,0.0648,0.3174
0.1440,0.0648,0.3173
0.1440,0.0648,0.3173
0.1440,0.0648,0.3173
0.1440,0.0648,0.3172
0.1440,0.0648,0.3173
0.1440,0.0648,0.3173
0.1440,0.0648,0.3173
0.1440,0.0649,0.3173
0.1440,0.0648,0.3173
0.1440,0.0648,0.3173
0.1440,0.0648,0.3173
0.1440,0.0649,0.3173
0.1440,0.0648,0.3173
0.1440,0.0648,0.3173
0.1440,0.0648,0.3173
0.1440,0.0648,0.3173
0.1440,0.0648,0.3173
0.1440,0.0648,0.3173
0.1440,0.0649,0.3174
0.1440,0.0648,0.3173
0.1440,0.0648,0.3173
0.1440,0.0648,0.3173
0.1440,0.0649,0.3173
0.1440,0.0648,0.3173
0.1440,0.0648,0.3172
0.1440,0.0648,0.3173
0.1440,0.0648,0.3173
0.1440,0.0648,0.3173
0.1440,0.0648,0.3173
0.1440,0.0648,0.3173
0.1440,0.0649,0.3173
0.1440,0.0648,0.3173
0.1440,0.0648,0.3173
0.1440,0.0649,0.3173
0.1440,0.0648,0.3173
0.1440,0.0648,0.3172
0.1440,0.0648,0.3173
0.1440,0.0649,0.3173
0.1440,0.0649,0.3173
0.1440,0.0649,0.3173
0.1440,0.0648,0.3174
0.1440,0.0649,0.3173
0.1440,0.0648,0.3173
0.1440,0.0649,0.3174
0.1440,0.0648,0.3173
0.1440,0.0648,0.3173
0.1440,0.0648,0.3173
0.1440,0.0648,0.3172
0.1440,0.0648,0.3173
0.1440,0.0648,0.3173
0.1440,0.0648,0.3173
0.1440,0.0648,0.3173
0.1440,0.0648,0.3173
0.1440,0.0648,0.3173
0.1440,0.0648,0.3172
0.1440,0.0648,0.3173
0.1440,0.0649,0.3173
0.1440,0.0648,0.3173
0.1440,0.0648,0.3173
0.1454,0.0639,0.3178
