42.5464,42.5352
42.5368,42.5340
42.5360,42.5347
42.5360,42.5346
42.5360,42.5347
42.5356,42.5346
42.5364,42.5348
42.5345,42.5340
42.5375,42.5348
42.5363,42.5343
42.5366,42.5346
42.5357,42.5343
42.5370,42.5347
42.5363,42.5343
42.5379,42.5347
42.5369,42.5338
42.5366,42.5351
42.5356,42.5344
42.5346,42.5346
42.5378,42.5349
42.5345,42.5347
42.5331,42.5345
42.5392,42.5347
42.5362,42.5347
42.5342,42.5341
42.5360,42.5350
42.5332,42.5341
42.5322,42.5343
42.5416,42.5341
42.5301,42.5348
42.5286,42.5352
42.5252,42.5343
42.5380,42.5348
42.5339,42.5346
42.5276,42.5346
42.5298,42.5342
42.5370,42.5348
42.5380,42.5350
42.5315,42.5341
42.5284,42.5348
42.5295,42.5345
42.5280,42.5347
42.5411,42.5344
42.5323,42.5344
42.5309,42.5346
42.5422,42.5346
42.5322,42.5346
42.5365,42.5343
42.5311,42.5345
42.5271,42.5348
42.5619,42.5345
42.5440,42.5343
42.5266,42.5346
42.5378,42.5352
42.5306,42.5341
42.5380,42.5345
42.5395,42.5345
42.5348,42.5348
42.5339,42.5343
42.5403,42.5349
42.5517,42.5346
42.5316,42.5345
42.5261,42.5347
42.5416,42.5347
42.5338,42.5344
42.5140,42.5347
42.5340,42.5346
42.5312,42.5343
42.5318,42.5350
42.5191,42.5346
42.5296,42.5346
42.5340,42.5348
42.5316,42.5348
42.5337,42.5348
42.5260,42.5346
42.5179,42.5345
42.5354,42.5347
42.5184,42.5347
42.5455,42.5346
42.5314,42.5347
42.5186,42.5344
42.5246,42.5345
42.5335,42.5346
42.5210,42.5347
42.5581,42.5346
42.5203,42.5345
42.5242,42.5349
42.5284,42.5346
42.5262,42.5340
42.5379,42.5348
42.5469,42.5352
42.5229,42.5345
42.5279,42.5345
42.5219,42.5344
42.5391,42.5346
42.5239,42.5343
42.5352,42.5347
42.5284,42.5346
42.5282,42.5344
42.5438,42.5347
42.5424,42.5349
42.5173,42.5349
42.5248,42.5346
42.5382,42.5349
42.5244,42.5348
42.5325,42.5345
42.5348,42.5339
42.5413,42.5345
42.5306,42.5348
42.5374,42.5351
42.5341,42.5341
42.5252,42.5343
42.5201,42.5347
42.5188,42.5344
42.5342,42.5347
42.5278,42.5343
42.5326,42.5342
42.5462,42.5348
42.5168,42.5351
42.5372,42.5345
42.5158,42.5344
42.5169,42.5348
42.5318,42.5349
42.5423,42.5345
42.5456,42.5350
42.5178,42.5349
42.5230,42.5345
42.5198,42.5346
42.5434,42.5349
42.5307,42.5343
42.5188,42.5343
42.5240,42.5344
42.5263,42.5347
42.5173,42.5341
42.5299,42.5351
42.5406,42.5346
42.5284,42.5345
42.5266,42.5347
42.5284,42.5345
42.5261,42.5342
42.5316,42.5348
42.5427,42.5348
42.5367,42.5347
42.5277,42.5341
42.5186,42.5346
42.5402,42.5346
42.5316,42.5347
42.5261,42.5341
42.5288,42.5347
42.5154,42.5349
42.5340,42.5346
42.5223,42.5345
42.5328,42.5347
42.5399,42.5347
42.5292,42.5349
42.5154,42.5343
42.5302,42.5346
42.5258,42.5344
42.5240,42.5347
42.5126,42.5350
42.5263,42.5345
42.5311,42.5347
42.5307,42.5348
42.5279,42.5344
42.5115,42.5344
42.5318,42.5345
42.5350,42.5345
42.5325,42.5348
42.5301,42.5343
42.4983,42.5347
42.5335,42.5348
42.5362,42.5346
42.5261,42.5348
42.5309,42.5340
42.5245,42.5345
42.5328,42.5341
42.5222,42.5345
42.5329,42.5348
42.5186,42.5351
42.5260,42.5345
42.5119,42.5346
42.5190,42.5345
42.5166,42.5349
42.5311,42.5344
42.5146,42.5347
42.5332,42.5348
42.5383,42.5345
42.5247,42.5350
42.5299,42.5347
42.5432,42.5349
42.5182,42.5347
42.5212,42.5345
42.5161,42.5344
42.5266,42.5346
42.5313,42.5349
42.5284,42.5349
42.5294,42.5347
42.5348,42.5348
42.5151,42.5345
42.5210,42.5348
42.5234,42.5347
42.5440,42.5243
