32.1176,20.9963
32.1152,20.9963
32.1172,20.9963
32.1169,20.9963
32.1175,20.9963
32.1169,20.9963
32.1172,20.9963
32.1171,20.9963
32.1174,20.9963
32.1171,20.9963
32.1171,20.9963
32.1165,20.9963
32.1175,20.9963
32.1174,20.9963
32.1171,20.9963
32.1167,20.9963
32.1172,20.9963
32.1174,20.9963
32.1168,20.9963
32.1174,20.9963
32.1162,20.9963
32.1169,20.9963
32.1173,20.9963
32.1174,20.9963
32.1169,20.9963
32.1173,20.9963
32.1171,20.9963
32.1169,20.9963
32.1172,20.9963
32.1168,20.9963
32.1168,20.9963
32.1167,20.9963
32.1164,20.9963
32.1174,20.9963
32.1172,20.9963
32.1174,20.9963
32.1168,20.9963
32.1165,20.9963
32.1168,20.9963
32.1168,20.9963
32.1163,20.9963
32.1149,20.9963
32.1160,20.9963
32.1175,20.9963
32.1169,20.9963
32.1160,20.9963
32.1174,20.9963
32.1158,20.9963
32.1170,20.9963
32.1169,20.9963
32.1144,20.9963
32.1042,20.9882
