17.3918,15.4143
14.6605,12.6843
14.6605,12.6843
17.5455,15.5677
12.7128,10.7378
17.4605,15.4829
12.6948,10.7197
16.8583,14.8809
12.9801,11.0046
16.5887,14.6114
13.3136,11.3381
16.5995,14.6222
16.5995,14.6222
12.7831,10.8078
16.5191,14.5418
13.3840,11.4085
16.7175,14.7399
13.1180,11.1424
16.7636,14.7860
13.0698,11.0943
16.8196,14.8421
13.0024,11.0271
13.0024,11.0271
17.4882,15.5101
12.6592,10.6840
16.9484,14.9710
12.9167,10.9414
16.7429,14.7652
13.1320,11.1566
16.6590,14.6815
13.2848,11.3094
16.6473,14.6701
16.6473,14.6701
12.8073,10.8319
16.5989,14.6214
13.3162,11.3406
16.6936,14.7161
13.2340,11.2584
16.6763,14.6990
13.2553,11.2796
16.7358,14.7584
13.1962,11.2205
13.1962,11.2205
17.4179,15.4399
12.6673,10.6921
16.9050,14.9272
13.0149,11.0393
16.7839,14.8063
13.2567,11.2812
16.8627,14.8849
13.0645,11.0890
16.6914,14.7020
16.6763,14.6990
16.6763,14.6990
16.6763,14.6990
16.6763,14.6990
16.6763,14.6990
16.6763,14.6990
16.6763,14.6990
16.6763,14.6990
16.6763,14.6990
16.6763,14.6990
16.6763,14.6990
16.6763,14.6990
16.6763,14.6990
16.6763,14.6990
16.6763,14.6990
16.6763,14.6990
16.6763,14.6990
16.6763,14.6990
16.6763,14.6990
16.6763,14.6990
16.6763,14.6990
16.6763,14.6990
16.6763,14.6990
16.6763,14.6990
16.6763,14.6990
16.6763,14.6990
16.6763,14.6990
16.6763,14.6990
16.6763,14.6990
16.6763,14.6990
16.6763,14.6990
16.6763,14.6990
16.6763,14.6990
16.6763,14.6990
16.6763,14.6990
16.6763,14.6990
16.6763,14.6990
16.6763,14.6990
16.6763,14.6990
16.6763,14.6990
16.6763,14.6990
16.6763,14.6990
16.6763,14.6990
16.6763,14.6990
16.6763,14.6990
16.6763,14.6990
16.6763,14.6990
16.6763,14.6990
16.6763,14.6990
16.6763,14.6990
16.6763,14.6990
16.6914,14.7020
16.6763,14.6990
16.6763,14.6990
16.6763,14.6990
16.6763,14.6990
16.6763,14.6990
16.6763,14.6990
16.6763,14.6990
16.6763,14.6990
16.6763,14.6990
16.6763,14.6990
16.6763,14.6990
16.6763,14.6990
16.6763,14.6990
16.6763,14.6990
16.6763,14.6990
16.6763,14.6990
16.6763,14.6990
16.6763,14.6990
16.6763,14.6990
16.6763,14.6990
16.6763,14.6990
16.6763,14.6990
16.6763,14.6990
16.6763,14.6990
16.6763,14.6990
16.6763,14.6990
16.6763,14.6990
16.6763,14.6990
16.6763,14.6990
16.6763,14.6990
16.6763,14.6990
16.6763,14.6990
16.6763,14.6990
16.6763,14.6990
16.6763,14.6990
16.6763,14.6990
16.6763,14.6990
16.6763,14.6990
16.6763,14.6990
16.6763,14.6990
16.6763,14.6990
16.6763,14.6990
16.6763,14.6990
16.6763,14.6990
16.6763,14.6990
16.6763,14.6990
16.6763,14.6990
16.6763,14.6990
16.6763,14.6990
16.6763,14.6990
16.6763,14.6990
16.6914,14.7020
