11775.1748
7761.2773
6111.2344
9619.0156
4274.6250
9494.9473
4256.9565
8681.2246
4497.3101
8330.3643
4789.7114
8340.9775
6811.2637
3509.8467
6723.6069
3936.6833
6930.4775
3741.8054
6976.8857
3706.1001
7034.0400
3657.0562
3145.3025
6900.4209
2932.0972
6339.1953
3088.1934
6132.1577
3222.8992
6047.9282
3320.6589
6034.5171
5344.8057
2676.9968
5300.6572
2959.8079
5380.4824
2911.6863
5363.7500
2922.8867
5413.3887
2888.3115
2594.1655
5567.7959
2323.4937
5118.6265
2497.0322
5014.9961
2622.5046
5076.2822
2520.2844
5360.9551
5363.7500
5363.7500
5363.7500
5363.7500
5363.7500
5363.7500
5363.7500
5363.7500
5363.7500
5363.7500
5363.7500
5363.7500
5363.7500
5363.7500
5363.7500
5363.7500
5363.7500
5363.7500
5363.7500
5363.7500
5363.7500
5363.7500
5363.7500
5363.7500
5363.7500
5363.7500
5363.7500
5363.7500
5363.7500
5363.7500
5363.7500
5363.7500
5363.7500
5363.7500
5363.7500
5363.7500
5363.7500
5363.7500
5363.7500
5363.7500
5363.7500
5363.7500
5363.7500
5363.7500
5363.7500
5363.7500
5363.7500
5363.7500
5363.7500
5363.7500
5363.7500
5360.9551
5363.7500
5363.7500
5363.7500
5363.7500
5363.7500
5363.7500
5363.7500
5363.7500
5363.7500
5363.7500
5363.7500
5363.7500
5363.7500
5363.7500
5363.7500
5363.7500
5363.7500
5363.7500
5363.7500
5363.7500
5363.7500
5363.7500
5363.7500
5363.7500
5363.7500
5363.7500
5363.7500
5363.7500
5363.7500
5363.7500
5363.7500
5363.7500
5363.7500
5363.7500
5363.7500
5363.7500
5363.7500
5363.7500
5363.7500
5363.7500
5363.7500
5363.7500
5363.7500
5363.7500
5363.7500
5363.7500
5363.7500
5363.7500
5363.7500
5363.7500
5363.7500
5360.9551
