7296.7271
7695.4971
6554.4160
7084.7368
6610.8496
6866.6426
6608.8340
6695.9033
6885.8521
6930.4365
6773.5029
6632.9395
5167.5820
5250.9878
5304.2407
5210.0254
5357.2866
5309.6021
5370.9893
5287.2998
5202.5967
5365.5791
4708.2759
4473.9033
4715.0615
4598.1211
4818.2607
4688.5229
4838.1172
4752.5986
4620.3926
4701.4580
4342.3115
4285.1270
4425.5757
4236.0186
4500.8213
4252.0903
4328.1069
4369.5195
4121.1289
4437.9834
4257.2852
4116.2598
4144.9927
4148.8838
4116.3506
4313.3989
4253.4316
4265.3584
4250.0430
4155.4053
4134.8760
4195.6367
4232.4238
4343.6299
4252.3755
4125.5361
4239.5977
4129.0151
4271.8081
4317.8770
4315.9058
4046.7400
4215.3574
4206.0283
4185.9570
4217.1611
4135.2354
4159.5757
4230.2129
4182.6401
4243.4600
4410.1660
4179.9941
4347.6660
4082.2810
4398.8804
4256.7812
4263.2012
4474.6973
4809.6182
4556.8149
4040.7520
4262.6641
4282.2827
4306.5752
4284.1035
4592.8350
4230.8994
4361.5664
4419.9019
4453.3765
4327.1182
4626.2314
4446.7842
4377.0649
4302.5508
4437.1689
4365.1641
4313.1016
4250.4424
10369.4453
4260.5464
4419.7163
4484.8418
4359.6016
4327.7559
4879.7246
4400.8779
4325.7065
4460.6582
4292.0786
4601.9673
4332.5391
4700.6650
4296.6572
4422.4082
4535.2104
4476.8174
4271.8926
4454.7393
4324.5840
4281.7583
4265.4048
4244.2114
84073.4297
4320.1548
4325.9819
4334.1172
4505.9702
4317.2510
4564.7285
4386.6123
4299.8242
4296.9102
4196.5693
4260.1572
4824.6328
5119.3584
4298.6670
4449.7598
4459.9023
4294.7358
4277.1621
4469.0557
4344.4121
4347.8521
4372.6797
4447.1738
4763.5542
4338.1367
4477.4849
4311.0820
4269.6953
4598.2231
4390.2949
4324.1406
4518.7900
4362.2930
4832.8130
6863.9224
4244.2812
5000.5474
4683.4507
4672.1528
4262.2397
4288.7207
4853.2261
4271.0225
4342.0854
4418.7578
4392.4453
4343.0068
4293.1611
4696.6655
4360.3462
4413.7124
4367.8979
4415.8643
4296.2891
4315.4902
4223.9644
4426.5615
4555.3281
4524.8975
4279.2803
4569.9258
4337.7051
4575.0850
4587.6147
4304.8247
5505.9243
4342.9268
4419.2964
4394.0312
4526.2495
4378.5957
4347.6782
4336.8691
4539.3242
4330.4419
4408.6230
4276.6328
4275.9067
4219.9277
