16.4707,14.5983
13.4449,11.5713
13.4449,11.5713
18.8349,16.9631
11.4721,9.5975
12.5395,10.6652
14.8579,12.9848
15.0630,13.1898
13.5878,11.7142
14.1457,12.2721
15.2909,13.4179
13.5631,11.6893
13.5631,11.6893
14.3733,12.5000
15.4336,13.5607
13.1201,11.2462
14.2023,12.3288
15.8052,13.9324
12.5707,10.6964
14.2477,12.3744
16.0229,14.1502
12.2922,10.4180
12.2922,10.4180
14.8258,12.9524
14.9985,13.1253
13.2458,11.3720
15.1421,13.2690
13.8606,11.9870
14.4972,12.6239
14.9657,13.0925
13.4213,11.5476
15.2844,13.4114
15.2844,13.4114
12.8528,10.9789
14.9088,13.0355
14.4593,12.5860
13.9929,12.1194
15.4842,13.6111
12.7546,10.8804
15.3424,13.4693
13.2752,11.4013
15.2014,13.3284
15.2014,13.3284
12.9279,11.0538
15.2847,13.4115
13.3695,11.4958
15.2966,13.4234
13.2708,11.3967
15.4763,13.6033
12.8866,11.0126
15.5294,13.6564
15.5409,13.6370
15.5294,13.6564
15.5294,13.6564
15.5294,13.6564
15.5294,13.6564
15.5294,13.6564
15.5294,13.6564
15.5294,13.6564
15.5294,13.6564
15.5294,13.6564
15.5294,13.6564
15.5294,13.6564
15.5294,13.6564
15.5294,13.6564
15.5294,13.6564
15.5294,13.6564
15.5294,13.6564
15.5294,13.6564
15.5294,13.6564
15.5294,13.6564
15.5294,13.6564
15.5294,13.6564
15.5294,13.6564
15.5294,13.6564
15.5294,13.6564
15.5294,13.6564
15.5294,13.6564
15.5294,13.6564
15.5294,13.6564
15.5294,13.6564
15.5294,13.6564
15.5294,13.6564
15.5294,13.6564
15.5294,13.6564
15.5294,13.6564
15.5294,13.6564
15.5294,13.6564
15.5294,13.6564
15.5294,13.6564
15.5294,13.6564
15.5294,13.6564
15.5294,13.6564
15.5294,13.6564
15.5294,13.6564
15.5294,13.6564
15.5294,13.6564
15.5294,13.6564
15.5294,13.6564
15.5294,13.6564
15.5294,13.6564
15.5294,13.6564
15.5294,13.6564
15.5409,13.6370
15.5294,13.6564
15.5294,13.6564
15.5294,13.6564
15.5294,13.6564
15.5294,13.6564
15.5294,13.6564
15.5294,13.6564
15.5294,13.6564
15.5294,13.6564
15.5294,13.6564
15.5294,13.6564
15.5294,13.6564
15.5294,13.6564
15.5294,13.6564
15.5294,13.6564
15.5294,13.6564
15.5294,13.6564
15.5294,13.6564
15.5294,13.6564
15.5294,13.6564
15.5294,13.6564
15.5294,13.6564
15.5294,13.6564
15.5294,13.6564
15.5294,13.6564
15.5294,13.6564
15.5294,13.6564
15.5294,13.6564
15.5294,13.6564
15.5294,13.6564
15.5294,13.6564
15.5294,13.6564
15.5294,13.6564
15.5294,13.6564
15.5294,13.6564
15.5294,13.6564
15.5294,13.6564
15.5294,13.6564
15.5294,13.6564
15.5294,13.6564
15.5294,13.6564
15.5294,13.6564
15.5294,13.6564
15.5294,13.6564
15.5294,13.6564
15.5294,13.6564
15.5294,13.6564
15.5294,13.6564
15.5294,13.6564
15.5294,13.6564
15.5294,13.6564
15.5409,13.6370
