6255.2788
3727.9058
3087.2764
7619.2026
2047.6643
2572.1243
4014.6235
4163.4033
3169.5051
3523.2124
4332.1289
3153.1633
2752.0859
3220.7729
3914.1184
2515.7144
3115.8501
4177.4097
2243.0415
3141.1450
4335.6035
2112.4702
1916.1260
3234.0879
3341.5996
2354.3394
3432.1545
2671.9692
3032.0757
3317.5024
2439.9875
3521.0303
3214.8916
2012.0730
3000.5864
2758.9426
2523.4980
3328.6416
1969.7952
3243.4648
2189.0369
3160.5625
2965.4890
1923.6741
3008.6453
2099.4194
3013.7231
2057.9785
3110.3691
1905.3588
3138.2378
3157.5842
3138.2378
3138.2378
3138.2378
3138.2378
3138.2378
3138.2378
3138.2378
3138.2378
3138.2378
3138.2378
3138.2378
3138.2378
3138.2378
3138.2378
3138.2378
3138.2378
3138.2378
3138.2378
3138.2378
3138.2378
3138.2378
3138.2378
3138.2378
3138.2378
3138.2378
3138.2378
3138.2378
3138.2378
3138.2378
3138.2378
3138.2378
3138.2378
3138.2378
3138.2378
3138.2378
3138.2378
3138.2378
3138.2378
3138.2378
3138.2378
3138.2378
3138.2378
3138.2378
3138.2378
3138.2378
3138.2378
3138.2378
3138.2378
3138.2378
3138.2378
3138.2378
3157.5842
3138.2378
3138.2378
3138.2378
3138.2378
3138.2378
3138.2378
3138.2378
3138.2378
3138.2378
3138.2378
3138.2378
3138.2378
3138.2378
3138.2378
3138.2378
3138.2378
3138.2378
3138.2378
3138.2378
3138.2378
3138.2378
3138.2378
3138.2378
3138.2378
3138.2378
3138.2378
3138.2378
3138.2378
3138.2378
3138.2378
3138.2378
3138.2378
3138.2378
3138.2378
3138.2378
3138.2378
3138.2378
3138.2378
3138.2378
3138.2378
3138.2378
3138.2378
3138.2378
3138.2378
3138.2378
3138.2378
3138.2378
3138.2378
3138.2378
3138.2378
3138.2378
3157.5842
