14.4261,12.1013
13.4466,11.1245
13.4466,11.1245
13.5700,11.2475
13.5408,11.2187
13.4155,11.0934
13.8448,11.5218
12.8159,10.4954
14.2992,11.9749
13.2564,10.9350
13.6667,11.3442
13.4562,11.1341
13.4562,11.1341
13.6195,11.2970
13.4802,11.1579
13.5812,11.2587
13.4961,11.1740
13.4936,11.1716
13.5712,11.2488
13.5341,11.2117
13.5287,11.2063
13.5088,11.1867
13.5088,11.1867
13.4750,11.1527
13.5713,11.2489
13.4437,11.1217
13.6488,11.3261
13.3998,11.0779
13.6687,11.3463
13.3479,11.0261
13.7148,11.3919
13.2646,10.9432
13.2646,10.9432
14.0841,11.7604
12.6372,10.3172
14.3379,12.0133
12.9364,10.6156
14.1586,11.8346
13.1452,10.8240
13.9252,11.6018
13.2980,10.9763
13.6774,11.3548
13.6774,11.3548
13.3510,11.0291
13.6664,11.3440
13.4293,11.1075
13.5911,11.2686
13.5211,11.1988
13.5680,11.2457
13.4527,11.1307
13.5678,11.2455
14.0703,11.7647
14.0841,11.7604
14.0841,11.7604
14.0841,11.7604
14.0841,11.7604
14.0841,11.7604
14.0841,11.7604
14.0841,11.7604
14.0841,11.7604
14.0841,11.7604
14.0841,11.7604
14.0841,11.7604
14.0841,11.7604
14.0841,11.7604
14.0841,11.7604
14.0841,11.7604
14.0841,11.7604
14.0841,11.7604
14.0841,11.7604
14.0841,11.7604
14.0841,11.7604
14.0841,11.7604
14.0841,11.7604
14.0841,11.7604
14.0841,11.7604
14.0841,11.7604
14.0841,11.7604
14.0841,11.7604
14.0841,11.7604
14.0841,11.7604
14.0841,11.7604
14.0841,11.7604
14.0841,11.7604
14.0841,11.7604
14.0841,11.7604
14.0841,11.7604
14.0841,11.7604
14.0841,11.7604
14.0841,11.7604
14.0841,11.7604
14.0841,11.7604
14.0841,11.7604
14.0841,11.7604
14.0841,11.7604
14.0841,11.7604
14.0841,11.7604
14.0841,11.7604
14.0841,11.7604
14.0841,11.7604
14.0841,11.7604
14.0841,11.7604
14.0841,11.7604
14.0703,11.7647
14.0841,11.7604
14.0841,11.7604
14.0841,11.7604
14.0841,11.7604
14.0841,11.7604
14.0841,11.7604
14.0841,11.7604
14.0841,11.7604
14.0841,11.7604
14.0841,11.7604
14.0841,11.7604
14.0841,11.7604
14.0841,11.7604
14.0841,11.7604
14.0841,11.7604
14.0841,11.7604
14.0841,11.7604
14.0841,11.7604
14.0841,11.7604
14.0841,11.7604
14.0841,11.7604
14.0841,11.7604
14.0841,11.7604
14.0841,11.7604
14.0841,11.7604
14.0841,11.7604
14.0841,11.7604
14.0841,11.7604
14.0841,11.7604
14.0841,11.7604
14.0841,11.7604
14.0841,11.7604
14.0841,11.7604
14.0841,11.7604
14.0841,11.7604
14.0841,11.7604
14.0841,11.7604
14.0841,11.7604
14.0841,11.7604
14.0841,11.7604
14.0841,11.7604
14.0841,11.7604
14.0841,11.7604
14.0841,11.7604
14.0841,11.7604
14.0841,11.7604
14.0841,11.7604
14.0841,11.7604
14.0841,11.7604
14.0841,11.7604
14.0841,11.7604
14.0703,11.7647
