27.4985,7.7331
27.4991,7.7331
27.4982,7.7331
27.4984,7.7331
27.4983,7.7331
27.4983,7.7331
27.4983,7.7331
27.4983,7.7331
27.4983,7.7331
27.4983,7.7331
27.4983,7.7331
27.4983,7.7331
27.4983,7.7331
27.4983,7.7331
27.4983,7.7331
27.4983,7.7331
27.4983,7.7331
27.4983,7.7331
27.4983,7.7331
27.4983,7.7331
27.4983,7.7331
27.4983,7.7331
27.4983,7.7331
27.4983,7.7331
27.4983,7.7331
27.4983,7.7331
27.4983,7.7331
27.4984,7.7331
27.4984,7.7331
27.4983,7.7331
27.4983,7.7331
27.4983,7.7331
27.4983,7.7331
27.4983,7.7331
27.4983,7.7331
27.4983,7.7331
27.4983,7.7331
27.4984,7.7331
27.4984,7.7331
27.4983,7.7331
27.4984,7.7331
27.4983,7.7331
27.4984,7.7331
27.4983,7.7331
27.4983,7.7331
27.4983,7.7331
27.4983,7.7331
27.4983,7.7331
27.4984,7.7331
27.4983,7.7331
27.4983,7.7331
27.4975,7.7367
