3599.3213
2977.3540
2583.4189
2650.1348
2633.9983
2566.0049
2802.8987
2258.7979
3070.0645
2481.9194
2703.0334
2587.8435
2356.2393
2438.8870
2368.0955
2419.1167
2375.9980
2374.6602
2413.8047
2394.8315
2392.0176
2381.9392
2228.4062
2212.2502
2258.0178
2197.4045
2295.1943
2176.6758
2304.7864
2152.3999
2327.0586
2114.0190
2011.2578
2398.5781
1747.3003
2529.0459
1870.1786
2437.0703
1959.6683
2320.5437
2026.9053
2201.1375
2116.1489
1972.7661
2111.1409
2006.4520
2077.2764
2046.2635
2066.9185
2016.2864
2066.7324
2406.7344
2398.5781
2398.5781
2398.5781
2398.5781
2398.5781
2398.5781
2398.5781
2398.5781
2398.5781
2398.5781
2398.5781
2398.5781
2398.5781
2398.5781
2398.5781
2398.5781
2398.5781
2398.5781
2398.5781
2398.5781
2398.5781
2398.5781
2398.5781
2398.5781
2398.5781
2398.5781
2398.5781
2398.5781
2398.5781
2398.5781
2398.5781
2398.5781
2398.5781
2398.5781
2398.5781
2398.5781
2398.5781
2398.5781
2398.5781
2398.5781
2398.5781
2398.5781
2398.5781
2398.5781
2398.5781
2398.5781
2398.5781
2398.5781
2398.5781
2398.5781
2398.5781
2406.7344
2398.5781
2398.5781
2398.5781
2398.5781
2398.5781
2398.5781
2398.5781
2398.5781
2398.5781
2398.5781
2398.5781
2398.5781
2398.5781
2398.5781
2398.5781
2398.5781
2398.5781
2398.5781
2398.5781
2398.5781
2398.5781
2398.5781
2398.5781
2398.5781
2398.5781
2398.5781
2398.5781
2398.5781
2398.5781
2398.5781
2398.5781
2398.5781
2398.5781
2398.5781
2398.5781
2398.5781
2398.5781
2398.5781
2398.5781
2398.5781
2398.5781
2398.5781
2398.5781
2398.5781
2398.5781
2398.5781
2398.5781
2398.5781
2398.5781
2398.5781
2398.5781
2406.7344
