5882.1533
6352.6846
4888.3726
4703.2969
4794.7129
4884.2378
4918.6221
4984.8877
4803.6885
4960.2915
4945.1455
5047.7705
4190.0122
3986.8979
4109.9609
4010.1077
4104.5420
4128.7979
4100.2852
4097.8291
4090.0308
4226.7217
3860.1846
3640.0688
3882.2861
3644.2095
3699.7842
3826.3501
3665.0186
3707.0640
3697.3247
3730.9150
3608.3987
3562.0896
3657.0527
3581.6047
3646.9521
3600.4048
3531.2886
3537.1790
3535.1851
3614.8740
3564.4294
3463.4116
3461.0381
3544.6372
3448.3770
3528.0322
3475.9976
3640.2793
3595.3555
3573.2859
3599.6465
3516.6013
3544.2463
3490.5566
3634.3274
3508.8171
3500.8699
3438.9392
3573.3557
3534.8904
3528.6079
3423.7793
3594.6870
3504.7891
3413.9082
3576.5107
3361.2104
3490.9431
3465.7271
3512.7520
3499.5405
3597.4475
3540.2881
3370.5564
3345.0591
3503.2993
3501.1484
3469.9414
3413.1445
3479.4946
3458.9944
3401.7900
3464.3650
3533.5955
3403.2117
3404.1084
3467.5383
3494.1223
3443.5142
3542.8008
3534.3320
3416.7751
3474.8596
3568.6331
3469.0320
3431.6597
3428.5730
3481.1057
3418.5684
3423.3411
3470.8599
3421.0703
3445.9646
3463.7495
3466.0586
3458.8569
3436.0769
3459.4380
3464.2690
3452.0049
3497.9944
3463.6128
3502.9238
3499.0317
3455.4646
3477.6624
3453.9114
3463.3560
3460.8979
3461.2473
3467.6104
3460.5256
3484.5269
3482.7258
3437.7642
3457.1418
3478.1804
3462.1860
3449.8550
3474.0872
3451.8286
3439.1416
3470.2285
3472.4438
3433.2808
3458.7061
3466.2432
3500.0027
3478.8743
3467.7224
3451.7170
3460.7383
3453.9883
3456.3042
3493.4734
3490.2080
3451.2456
3483.2390
3453.8318
3459.2983
3471.7588
3444.2312
3457.4263
3494.5391
3476.6138
3477.4355
3455.8862
3481.1433
3421.0161
3460.4336
3422.8818
3486.9146
3452.6089
3455.0125
3433.4424
3445.1436
3459.2620
3477.8962
3462.6533
3497.5889
3472.3596
3451.6875
3492.2471
3457.6865
3483.1426
3483.1582
3446.5073
3449.3628
3425.5649
3459.4790
3499.8879
3448.0215
3479.6404
3462.2083
3459.8672
3493.3525
3428.0085
3455.8979
3432.5698
3439.5688
3458.0974
3466.4111
3496.7559
3492.6367
3448.4238
3437.8340
3468.2422
3447.8396
3465.2910
3455.5986
3476.4634
3457.4614
3466.5664
3394.1394
