17742.3555
6403.9717
3814.7559
6093.6328
5013.3208
5318.0410
5447.0718
5239.8340
5309.3071
5417.3955
5431.0898
5387.3340
3930.9912
3759.7363
3845.6106
3804.3164
3842.0007
3858.5806
3757.6777
3831.6650
3801.9629
3703.3081
3136.5601
3288.2461
3173.9995
3198.5288
3241.2549
3181.2915
3166.6704
3190.7507
3270.1697
3147.9946
3046.3914
3163.8394
3055.1887
3126.2571
3074.1689
3134.3584
2992.5708
3078.4185
3111.6338
3092.1672
3056.5217
3035.1768
2997.6133
2986.0688
3043.4836
3049.5374
3033.1987
2966.1738
2974.3638
2986.5193
2961.4495
2998.9053
2976.1394
2930.2981
2937.8018
3066.4272
3006.0400
2959.2505
2963.3516
2998.2324
2982.5229
2954.7620
2950.5864
2918.3130
2991.0781
2992.3594
2922.3064
2924.6074
3016.7671
2930.2893
2899.6284
2919.6714
2982.8989
2938.2815
2937.7129
2975.2358
2886.2495
2969.1953
2933.7617
2925.8364
2918.0500
2946.9800
2936.6245
2914.1902
2923.6775
2952.6157
2956.7876
2945.9497
2961.7617
2854.0935
2824.1255
2884.5828
2894.7234
2931.7358
2827.1133
2907.6318
2910.8013
2908.2349
2935.0703
2911.0156
2887.6646
2902.5361
2900.1299
2900.9456
2905.3379
2904.0186
2895.0684
2896.9609
2887.3398
2895.6814
2891.2969
2892.8032
2903.6116
2883.7407
2906.6472
2893.4099
2895.4397
2895.7681
2903.2427
2899.9434
2898.5725
2903.8091
2893.2183
2898.9897
2896.2676
2897.6858
2905.8811
2891.2422
2902.0527
2894.9102
2887.1479
2896.6772
2894.8857
2903.0618
2897.3716
2891.7837
2889.6904
2893.0793
2896.3489
2888.8967
2892.7402
2903.2822
2897.1821
2902.7214
2902.4053
2895.6721
2902.0696
2893.7397
2893.7793
2899.4768
2903.3008
2906.2351
2901.4331
2902.3330
2890.1104
2896.1443
2895.2129
2890.7542
2892.7222
2897.8303
2900.9697
2895.8618
2900.4043
2898.6843
2906.1436
2896.4385
2896.3740
2894.9517
2895.3323
2899.1313
2902.7371
2899.0144
2901.3235
2895.0828
2897.3413
2894.0479
2900.0200
2901.7944
2898.4165
2896.6675
2891.7737
2899.8901
2893.5957
2891.0981
2891.0178
2902.7349
2899.2051
2889.9106
2893.3745
2895.3892
2887.7686
2900.0171
2894.0432
2900.7112
2897.2837
2899.2993
2900.2485
2903.7349
2900.6235
2904.9397
2895.0288
2899.4453
2895.1604
2907.9009
