3802.3245
4007.2139
3848.5347
3681.9832
3783.7058
3594.0869
3649.3682
3518.5049
3642.5562
3647.5742
3605.1489
3690.5437
2767.8650
2648.6294
2687.9114
2796.7234
2662.8164
2738.8584
2668.0161
2807.1355
2776.6558
2850.7744
2645.4751
2480.9521
2565.1650
2565.0815
2643.5251
2459.9766
2562.1814
2514.3491
2625.5562
2632.5159
2591.1021
2562.3682
2585.6187
2515.8374
2603.7302
2491.1782
2483.4399
2532.4116
2516.6050
2581.3218
2574.7205
2681.9175
2542.9272
2592.3799
2538.2297
2537.1858
2570.8108
2538.1628
2513.9619
2542.8853
2530.4858
2535.1362
2618.3342
2491.6836
2534.3179
2519.7344
2598.6367
2530.6489
2515.1099
2483.5339
2472.2671
2512.3958
2538.6841
2539.3596
2519.9268
2563.1411
2562.0774
2542.9326
2548.3054
2555.5432
2504.0476
2518.5952
2555.3735
2474.3252
2548.6892
2603.5227
2477.7358
2512.2998
2543.9509
2481.3833
2492.5359
2459.3669
2552.3438
2531.4653
2535.0989
2516.3906
2486.4956
2536.2581
2584.2168
2571.9102
2563.0393
2532.3833
2473.3789
2468.2102
2588.8760
2598.8179
2510.6572
2575.6262
2565.9539
2519.5398
2529.0750
2518.1108
2517.0862
2535.6643
2540.3848
2543.4871
2525.8201
2518.1558
2526.8408
2529.8894
2524.6396
2519.9795
2533.1504
2562.2932
2533.0649
2539.9409
2545.0015
2514.3459
2549.5771
2527.0564
2545.6404
2529.3828
2530.4526
2534.6873
2525.7002
2532.3206
2511.6929
2529.0212
2516.4944
2516.7412
2560.0186
2498.4927
2510.8169
2543.4097
2514.2161
2523.1328
2534.3706
2514.0269
2542.6045
2506.3176
2512.4700
2518.4370
2526.4197
2554.3369
2517.9922
2509.1306
2514.5574
2518.5396
2546.0239
2530.1360
2518.9482
2529.2810
2520.3589
2527.8726
2509.6404
2540.9336
2531.9355
2540.0044
2515.4395
2543.0989
2534.9321
2559.6855
2494.1421
2555.3569
2519.0083
2533.2869
2518.2170
2540.8970
2514.3120
2476.5542
2535.2520
2541.3096
2526.0981
2524.2759
2529.1787
2529.2354
2497.3347
2540.6787
2533.1270
2535.2822
2524.5449
2531.1238
2551.0750
2548.8389
2541.4023
2517.6812
2531.7620
2525.4656
2563.9399
2524.7705
2556.7080
2536.5635
2516.6689
2536.5598
2545.0542
2520.9500
2527.5613
2549.6975
2524.3010
2524.9983
2515.5176
2547.2810
2514.4497
2549.9146
