15.5430,13.0388
15.0586,12.5545
15.0586,12.5545
16.0021,13.4972
15.1850,12.6807
15.3546,12.8504
15.3509,12.8464
15.3772,12.8730
15.4388,12.9344
15.4018,12.8973
15.3393,12.8349
15.5930,13.0883
15.5930,13.0883
14.9953,12.4910
15.9045,13.3999
14.7732,12.2691
15.8879,13.3832
15.2025,12.6980
15.5390,13.0344
15.3997,12.8953
15.4465,12.9419
15.5306,13.0259
15.5306,13.0259
15.4013,12.8967
15.4949,12.9902
15.3902,12.8854
15.5523,13.0478
15.4651,12.9605
15.4533,12.9488
15.4686,12.9641
15.4899,12.9854
15.5418,13.0370
15.5418,13.0370
15.4275,12.9227
15.6661,13.1615
15.1976,12.6932
16.0869,13.5820
14.5200,12.0161
16.6273,14.1219
14.1824,11.6786
15.9878,13.4827
15.4274,12.9228
15.4274,12.9228
15.6354,13.1307
15.4996,12.9951
15.4634,12.9587
15.5702,13.0653
15.5174,13.0124
15.4962,12.9915
15.5555,13.0508
15.5095,13.0048
16.6041,14.1090
16.6273,14.1219
16.6273,14.1219
16.6273,14.1219
16.6273,14.1219
16.6273,14.1219
16.6273,14.1219
16.6273,14.1219
16.6273,14.1219
16.6273,14.1219
16.6273,14.1219
16.6273,14.1219
16.6273,14.1219
16.6273,14.1219
16.6273,14.1219
16.6273,14.1219
16.6273,14.1219
16.6273,14.1219
16.6273,14.1219
16.6273,14.1219
16.6273,14.1219
16.6273,14.1219
16.6273,14.1219
16.6273,14.1219
16.6273,14.1219
16.6273,14.1219
16.6273,14.1219
16.6273,14.1219
16.6273,14.1219
16.6273,14.1219
16.6273,14.1219
16.6273,14.1219
16.6273,14.1219
16.6273,14.1219
16.6273,14.1219
16.6273,14.1219
16.6273,14.1219
16.6273,14.1219
16.6273,14.1219
16.6273,14.1219
16.6273,14.1219
16.6273,14.1219
16.6273,14.1219
16.6273,14.1219
16.6273,14.1219
16.6273,14.1219
16.6273,14.1219
16.6273,14.1219
16.6273,14.1219
16.6273,14.1219
16.6273,14.1219
16.6273,14.1219
16.6041,14.1090
16.6273,14.1219
16.6273,14.1219
16.6273,14.1219
16.6273,14.1219
16.6273,14.1219
16.6273,14.1219
16.6273,14.1219
16.6273,14.1219
16.6273,14.1219
16.6273,14.1219
16.6273,14.1219
16.6273,14.1219
16.6273,14.1219
16.6273,14.1219
16.6273,14.1219
16.6273,14.1219
16.6273,14.1219
16.6273,14.1219
16.6273,14.1219
16.6273,14.1219
16.6273,14.1219
16.6273,14.1219
16.6273,14.1219
16.6273,14.1219
16.6273,14.1219
16.6273,14.1219
16.6273,14.1219
16.6273,14.1219
16.6273,14.1219
16.6273,14.1219
16.6273,14.1219
16.6273,14.1219
16.6273,14.1219
16.6273,14.1219
16.6273,14.1219
16.6273,14.1219
16.6273,14.1219
16.6273,14.1219
16.6273,14.1219
16.6273,14.1219
16.6273,14.1219
16.6273,14.1219
16.6273,14.1219
16.6273,14.1219
16.6273,14.1219
16.6273,14.1219
16.6273,14.1219
16.6273,14.1219
16.6273,14.1219
16.6273,14.1219
16.6273,14.1219
16.6041,14.1090
