6828.1890
6285.7822
5054.3809
5954.8467
5163.8701
5318.2134
5310.6406
5331.0249
5384.3052
5344.6416
5281.3613
5515.9463
4689.0405
4205.4116
4945.0024
4030.2935
4925.2349
4357.0635
4626.2749
4509.5547
4544.5044
4610.1880
4078.3718
3980.7798
4046.4199
3967.1719
4083.2114
4016.2314
4004.9277
4013.4136
4026.3267
4061.6208
3710.6367
3631.1665
3790.8862
3475.2588
4084.2373
3052.8516
4489.5503
2858.4585
4013.1506
3624.6343
3401.9087
3534.7515
3445.7905
3421.3423
3488.5640
3453.2178
3438.4719
3475.2256
3444.4204
4499.7461
4489.5503
4489.5503
4489.5503
4489.5503
4489.5503
4489.5503
4489.5503
4489.5503
4489.5503
4489.5503
4489.5503
4489.5503
4489.5503
4489.5503
4489.5503
4489.5503
4489.5503
4489.5503
4489.5503
4489.5503
4489.5503
4489.5503
4489.5503
4489.5503
4489.5503
4489.5503
4489.5503
4489.5503
4489.5503
4489.5503
4489.5503
4489.5503
4489.5503
4489.5503
4489.5503
4489.5503
4489.5503
4489.5503
4489.5503
4489.5503
4489.5503
4489.5503
4489.5503
4489.5503
4489.5503
4489.5503
4489.5503
4489.5503
4489.5503
4489.5503
4489.5503
4499.7461
4489.5503
4489.5503
4489.5503
4489.5503
4489.5503
4489.5503
4489.5503
4489.5503
4489.5503
4489.5503
4489.5503
4489.5503
4489.5503
4489.5503
4489.5503
4489.5503
4489.5503
4489.5503
4489.5503
4489.5503
4489.5503
4489.5503
4489.5503
4489.5503
4489.5503
4489.5503
4489.5503
4489.5503
4489.5503
4489.5503
4489.5503
4489.5503
4489.5503
4489.5503
4489.5503
4489.5503
4489.5503
4489.5503
4489.5503
4489.5503
4489.5503
4489.5503
4489.5503
4489.5503
4489.5503
4489.5503
4489.5503
4489.5503
4489.5503
4489.5503
4489.5503
4499.7461
